chain,start,end,change,percent change
flanigans,24,24,0,0.000000
flanigans,275,308,33,0.120000
flanigans,2570,2579,9,0.003502
flanigans,11,11,0,0.000000
flanigans,743,779,36,0.048452
flanigans,1,1,0,0.000000
flanigans,21,21,0,0.000000
sonic,3,3,0,0.000000
sonic,152,157,5,0.032895
sonic,235,235,0,0.000000
sonic,352,381,29,0.082386
sonic,675,820,145,0.214815
sonic,188,199,11,0.058511
sonic,760,773,13,0.017105
sonic,538,563,25,0.046468
sonic,407,408,1,0.002457
sonic,768,811,43,0.055990
sonic,4,4,0,0.000000
sonic,7,7,0,0.000000
sonic,2410,2470,60,0.024896
sonic,649,675,26,0.040062
sonic,880,898,18,0.020455
sonic,473,488,15,0.031712
sonic,392,431,39,0.099490
sonic,20,20,0,0.000000
sonic,496,533,37,0.074597
sonic,118,126,8,0.067797
sonic,1,1,0,0.000000
sonic,1832,1931,99,0.054039
sonic,1617,1682,65,0.040198
sonic,1730,1808,78,0.045087
sonic,716,738,22,0.030726
sonic,1355,1409,54,0.039852
sonic,525,572,47,0.089524
sonic,1449,1499,50,0.034507
sonic,1324,1342,18,0.013595
sonic,570,594,24,0.042105
sonic,2197,2278,81,0.036868
sonic,333,333,0,0.000000
sonic,740,770,30,0.040541
sonic,182,221,39,0.214286
sonic,35,35,0,0.000000
sonic,385,387,2,0.005195
sonic,33,33,0,0.000000
sonic,15,15,0,0.000000
sonic,6,6,0,0.000000
sonic,9,9,0,0.000000
sonic,4,4,0,0.000000
sonic,15,15,0,0.000000
sonic,6,6,0,0.000000
sonic,34,34,0,0.000000
sonic,5,7,2,0.400000
sonic,258,258,0,0.000000
sonic,261,264,3,0.011494
sonic,1948,2010,62,0.031828
sonic,1864,1905,41,0.021996
sonic,1530,1574,44,0.028758
sonic,287,320,33,0.114983
sonic,7,7,0,0.000000
sonic,3193,3266,73,0.022863
sonic,10,10,0,0.000000
sonic,15,15,0,0.000000
sonic,869,918,49,0.056387
sonic,507,532,25,0.049310
sonic,195,197,2,0.010256
sonic,92,110,18,0.195652
sonic,201,208,7,0.034826
sonic,110,117,7,0.063636
sonic,2284,2332,48,0.021016
sonic,899,942,43,0.047831
sonic,595,635,40,0.067227
sonic,295,307,12,0.040678
sonic,835,864,29,0.034731
sonic,1076,1107,31,0.028810
sonic,587,599,12,0.020443
sonic,224,237,13,0.058036
sonic,120,120,0,0.000000
sonic,904,963,59,0.065265
sonic,277,283,6,0.021661
sonic,252,264,12,0.047619
sonic,1323,1369,46,0.034769
sonic,1209,1231,22,0.018197
sonic,424,442,18,0.042453
sonic,8,8,0,0.000000
sonic,287,287,0,0.000000
sonic,1112,1145,33,0.029676
sonic,727,755,28,0.038514
sonic,380,382,2,0.005263
sonic,371,426,55,0.148248
sonic,683,725,42,0.061493
sonic,122,150,28,0.229508
sonic,189,207,18,0.095238
sonic,298,318,20,0.067114
sonic,304,304,0,0.000000
sonic,552,571,19,0.034420
sonic,8,8,0,0.000000
sonic,183,189,6,0.032787
sonic,526,568,42,0.079848
sonic,83,83,0,0.000000
sonic,857,876,19,0.022170
sonic,580,589,9,0.015517
sonic,2,2,0,0.000000
sonic,684,703,19,0.027778
sonic,962,993,31,0.032225
sonic,20,33,13,0.650000
sonic,563,585,22,0.039076
sonic,800,823,23,0.028750
sonic,403,425,22,0.054591
sonic,75,75,0,0.000000
sonic,223,234,11,0.049327
sonic,10,10,0,0.000000
sonic,345,345,0,0.000000
sonic,24,24,0,0.000000
sonic,701,725,24,0.034237
sonic,899,910,11,0.012236
sonic,4,4,0,0.000000
sonic,36,36,0,0.000000
sonic,64,64,0,0.000000
sonic,353,355,2,0.005666
sonic,4961,5153,192,0.038702
sonic,7404,7470,66,0.008914
sonic,1791,1869,78,0.043551
sonic,214,301,87,0.406542
sonic,3300,3345,45,0.013636
sonic,3430,3643,213,0.062099
sonic,3,3,0,0.000000
sonic,6,6,0,0.000000
sonic,2874,2982,108,0.037578
sonic,4,4,0,0.000000
sonic,49,49,0,0.000000
sonic,1,1,0,0.000000
sonic,1,1,0,0.000000
sonic,1,1,0,0.000000
sonic,110,110,0,0.000000
sonic,7,7,0,0.000000
sonic,6,6,0,0.000000
sonic,1,1,0,0.000000
sonic,293,304,11,0.037543
sonic,9,9,0,0.000000
sonic,3,3,0,0.000000
sonic,274,289,15,0.054745
sonic,260,272,12,0.046154
sonic,689,742,53,0.076923
sonic,492,535,43,0.087398
sonic,205,207,2,0.009756
sonic,503,503,0,0.000000
sonic,316,353,37,0.117089
sonic,634,663,29,0.045741
sonic,68,69,1,0.014706
sonic,108,133,25,0.231481
sonic,1,1,0,0.000000
sonic,204,204,0,0.000000
sonic,4139,4288,149,0.035999
sonic,1705,1767,62,0.036364
sonic,2619,2752,133,0.050783
sonic,2748,2856,108,0.039301
sonic,5247,5440,193,0.036783
sonic,2503,2624,121,0.048342
sonic,2321,2478,157,0.067643
sonic,2749,2847,98,0.035649
sonic,6220,6436,216,0.034727
sonic,2060,2169,109,0.052913
sonic,4264,4416,152,0.035647
sonic,4481,4645,164,0.036599
sonic,1614,1743,129,0.079926
sonic,165,165,0,0.000000
sonic,4603,4787,184,0.039974
sonic,2547,2616,69,0.027091
sonic,1512,1582,70,0.046296
sonic,2012,2094,82,0.040755
sonic,4566,4756,190,0.041612
sonic,3047,3155,108,0.035445
sonic,1675,1720,45,0.026866
sonic,2526,2569,43,0.017023
sonic,2926,3065,139,0.047505
sonic,2057,2137,80,0.038892
sonic,2988,3112,124,0.041499
sonic,3432,3603,171,0.049825
sonic,2597,2713,116,0.044667
sonic,1621,1660,39,0.024059
sonic,2036,2125,89,0.043713
sonic,2188,2333,145,0.066271
sonic,257,284,27,0.105058
sonic,877,909,32,0.036488
sonic,273,284,11,0.040293
sonic,1,1,0,0.000000
sonic,865,940,75,0.086705
sonic,166,190,24,0.144578
sonic,97,109,12,0.123711
sonic,94,111,17,0.180851
sonic,169,178,9,0.053254
sonic,64,74,10,0.156250
sonic,88,88,0,0.000000
sonic,51,52,1,0.019608
sonic,19,21,2,0.105263
sonic,2771,2848,77,0.027788
sonic,773,805,32,0.041397
sonic,29,29,0,0.000000
sonic,7,7,0,0.000000
sonic,381,426,45,0.118110
sonic,80,80,0,0.000000
sonic,159,159,0,0.000000
sonic,427,435,8,0.018735
sonic,218,220,2,0.009174
sonic,169,169,0,0.000000
sonic,43,43,0,0.000000
sonic,156,156,0,0.000000
sonic,50,56,6,0.120000
sonic,390,434,44,0.112821
sonic,486,534,48,0.098765
sonic,1815,1924,109,0.060055
sonic,3141,3250,109,0.034702
sonic,690,709,19,0.027536
sonic,276,278,2,0.007246
sonic,1,1,0,0.000000
sonic,1464,1554,90,0.061475
sonic,2,2,0,0.000000
sonic,3,3,0,0.000000
sonic,1539,1597,58,0.037687
sonic,23,23,0,0.000000
sonic,12,12,0,0.000000
sonic,19,19,0,0.000000
sonic,1,1,0,0.000000
sonic,24,24,0,0.000000
sonic,3,3,0,0.000000
sonic,259,281,22,0.084942
sonic,2,2,0,0.000000
sonic,10,10,0,0.000000
sonic,35,35,0,0.000000
sonic,1655,1724,69,0.041692
sonic,439,449,10,0.022779
sonic,1085,1115,30,0.027650
sonic,1895,1933,38,0.020053
sonic,5,5,0,0.000000
sonic,858,900,42,0.048951
sonic,1339,1370,31,0.023152
sonic,275,335,60,0.218182
sonic,723,748,25,0.034578
sonic,1145,1171,26,0.022707
sonic,383,385,2,0.005222
sonic,604,627,23,0.038079
sonic,998,1023,25,0.025050
sonic,986,1002,16,0.016227
sonic,826,860,34,0.041162
sonic,8,8,0,0.000000
sonic,2,2,0,0.000000
sonic,820,845,25,0.030488
sonic,1,1,0,0.000000
sonic,648,656,8,0.012346
sonic,1655,1732,77,0.046526
sonic,1656,1711,55,0.033213
sonic,1580,1666,86,0.054430
sonic,1151,1195,44,0.038228
sonic,527,549,22,0.041746
sonic,608,636,28,0.046053
sonic,190,196,6,0.031579
sonic,1281,1330,49,0.038251
sonic,481,516,35,0.072765
sonic,587,629,42,0.071550
sonic,1081,1117,36,0.033302
sonic,467,475,8,0.017131
sonic,722,752,30,0.041551
sonic,1669,1711,42,0.025165
sonic,656,687,31,0.047256
sonic,308,308,0,0.000000
sonic,555,588,33,0.059459
sonic,82,82,0,0.000000
sonic,1558,1602,44,0.028241
sonic,4,4,0,0.000000
sonic,8,21,13,1.625000
sonic,3,3,0,0.000000
sonic,9,9,0,0.000000
sonic,204,212,8,0.039216
sonic,11,11,0,0.000000
sonic,32,34,2,0.062500
sonic,96,97,1,0.010417
sonic,98,109,11,0.112245
sonic,137,137,0,0.000000
sonic,485,501,16,0.032990
sonic,926,952,26,0.028078
sonic,665,690,25,0.037594
sonic,2126,2234,108,0.050800
sonic,5,5,0,0.000000
sonic,761,798,37,0.048620
sonic,913,961,48,0.052574
sonic,571,622,51,0.089317
sonic,31,31,0,0.000000
sonic,1794,1687,-107,-0.059643
sonic,814,841,27,0.033170
sonic,227,287,60,0.264317
sonic,677,697,20,0.029542
sonic,738,739,1,0.001355
sonic,95,95,0,0.000000
sonic,21,83,62,2.952381
sonic,292,297,5,0.017123
sonic,85,89,4,0.047059
sonic,188,192,4,0.021277
sonic,267,279,12,0.044944
sonic,84,99,15,0.178571
sonic,7,7,0,0.000000
sonic,521,553,32,0.061420
sonic,38,38,0,0.000000
sonic,5,5,0,0.000000
sonic,5,5,0,0.000000
sonic,318,331,13,0.040881
sonic,498,539,41,0.082329
sonic,124,141,17,0.137097
sonic,325,368,43,0.132308
sonic,346,364,18,0.052023
sonic,1,1,0,0.000000
sonic,254,258,4,0.015748
sonic,114,125,11,0.096491
sonic,343,365,22,0.064140
sonic,418,462,44,0.105263
sonic,316,381,65,0.205696
sonic,7,7,0,0.000000
sonic,438,509,71,0.162100
sonic,1,1,0,0.000000
sonic,328,350,22,0.067073
sonic,28,28,0,0.000000
sonic,6,6,0,0.000000
sonic,577,601,24,0.041594
sonic,7,9,2,0.285714
sonic,702,743,41,0.058405
sonic,637,666,29,0.045526
sonic,345,420,75,0.217391
sonic,324,341,17,0.052469
sonic,1,1,0,0.000000
sonic,2,2,0,0.000000
sonic,237,238,1,0.004219
sonic,360,409,49,0.136111
sonic,321,334,13,0.040498
sonic,279,298,19,0.068100
sonic,573,600,27,0.047120
sonic,236,241,5,0.021186
sonic,438,465,27,0.061644
sonic,841,888,47,0.055886
sonic,579,587,8,0.013817
sonic,8,8,0,0.000000
sonic,423,514,91,0.215130
sonic,1532,1578,46,0.030026
sonic,762,797,35,0.045932
sonic,1516,1546,30,0.019789
sonic,351,356,5,0.014245
sonic,1530,1566,36,0.023529
sonic,763,770,7,0.009174
sonic,960,993,33,0.034375
sonic,2447,2477,30,0.012260
sonic,347,352,5,0.014409
sonic,1,1,0,0.000000
sonic,13,14,1,0.076923
sonic,469,494,25,0.053305
sonic,8,8,0,0.000000
sonic,22,22,0,0.000000
sonic,19,19,0,0.000000
sonic,17,18,1,0.058824
sonic,1743,1817,74,0.042456
sonic,1412,1490,78,0.055241
sonic,2078,2129,51,0.024543
sonic,1235,1275,40,0.032389
sonic,2339,2432,93,0.039761
sonic,1357,1445,88,0.064849
sonic,1361,1405,44,0.032329
sonic,1291,1350,59,0.045701
sonic,1192,1231,39,0.032718
sonic,1867,1922,55,0.029459
sonic,1532,1608,76,0.049608
sonic,702,722,20,0.028490
sonic,302,315,13,0.043046
sonic,1845,1877,32,0.017344
sonic,1025,1043,18,0.017561
sonic,803,817,14,0.017435
sonic,1224,1248,24,0.019608
sonic,841,864,23,0.027348
sonic,1389,1441,52,0.037437
sonic,1413,1444,31,0.021939
sonic,975,997,22,0.022564
sonic,12,12,0,0.000000
sonic,139,139,0,0.000000
sonic,331,337,6,0.018127
sonic,218,223,5,0.022936
sonic,700,721,21,0.030000
sonic,7,7,0,0.000000
sonic,855,876,21,0.024561
sonic,11,11,0,0.000000
sonic,4,4,0,0.000000
sonic,1240,1244,4,0.003226
sonic,458,468,10,0.021834
sonic,967,992,25,0.025853
sonic,41,41,0,0.000000
sonic,774,784,10,0.012920
sonic,3,3,0,0.000000
sonic,272,275,3,0.011029
sonic,3,3,0,0.000000
sonic,7,7,0,0.000000
sonic,2245,2343,98,0.043653
sonic,1937,1982,45,0.023232
sonic,409,409,0,0.000000
sonic,650,673,23,0.035385
sonic,1300,1329,29,0.022308
sonic,1797,1845,48,0.026711
sonic,1955,2008,53,0.027110
sonic,2395,2457,62,0.025887
sonic,731,732,1,0.001368
sonic,2301,2379,78,0.033898
sonic,457,488,31,0.067834
sonic,568,579,11,0.019366
sonic,4,4,0,0.000000
sonic,3,3,0,0.000000
sonic,33,33,0,0.000000
sonic,1848,1941,93,0.050325
sonic,1512,1569,57,0.037698
sonic,1180,1226,46,0.038983
sonic,1034,1074,40,0.038685
sonic,1316,1364,48,0.036474
sonic,504,569,65,0.128968
sonic,13,14,1,0.076923
sonic,392,392,0,0.000000
sonic,33,33,0,0.000000
sonic,1,1,0,0.000000
sonic,2,2,0,0.000000
sonic,956,995,39,0.040795
sonic,2,2,0,0.000000
sonic,595,610,15,0.025210
sonic,673,673,0,0.000000
sonic,10,10,0,0.000000
sonic,6591,6647,56,0.008496
sonic,587,597,10,0.017036
sonic,504,515,11,0.021825
sonic,606,644,38,0.062706
sonic,2,2,0,0.000000
sonic,2806,2874,68,0.024234
sonic,972,1007,35,0.036008
sonic,5,5,0,0.000000
sonic,732,756,24,0.032787
sonic,3,3,0,0.000000
sonic,304,311,7,0.023026
sonic,362,389,27,0.074586
sonic,558,609,51,0.091398
sonic,293,305,12,0.040956
sonic,209,217,8,0.038278
sonic,957,985,28,0.029258
sonic,3,3,0,0.000000
sonic,1263,1296,33,0.026128
sonic,808,821,13,0.016089
sonic,506,591,85,0.167984
sonic,18,18,0,0.000000
sonic,340,350,10,0.029412
sonic,303,320,17,0.056106
sonic,488,493,5,0.010246
sonic,658,680,22,0.033435
sonic,290,292,2,0.006897
sonic,2,2,0,0.000000
sonic,405,405,0,0.000000
sonic,276,276,0,0.000000
sonic,488,526,38,0.077869
sonic,251,256,5,0.019920
sonic,674,704,30,0.044510
sonic,997,1021,24,0.024072
sonic,158,160,2,0.012658
sonic,421,422,1,0.002375
sonic,906,908,2,0.002208
sonic,137,137,0,0.000000
sonic,315,369,54,0.171429
sonic,1498,1523,25,0.016689
sonic,1991,2052,61,0.030638
sonic,2717,2840,123,0.045271
sonic,1049,1075,26,0.024786
sonic,1868,1917,49,0.026231
sonic,531,568,37,0.069680
sonic,703,733,30,0.042674
sonic,864,891,27,0.031250
sonic,1404,1448,44,0.031339
sonic,1763,1784,21,0.011912
sonic,1380,1415,35,0.025362
sonic,503,506,3,0.005964
sonic,1184,1209,25,0.021115
sonic,1783,1783,0,0.000000
sonic,112,112,0,0.000000
sonic,129,192,63,0.488372
sonic,669,717,48,0.071749
sonic,28,28,0,0.000000
sonic,8,8,0,0.000000
sonic,51,51,0,0.000000
sonic,39,40,1,0.025641
sonic,4,4,0,0.000000
sonic,237,319,82,0.345992
sonic,1,1,0,0.000000
sonic,191,194,3,0.015707
sonic,611,631,20,0.032733
sonic,970,987,17,0.017526
sonic,804,823,19,0.023632
sonic,806,814,8,0.009926
sonic,626,641,15,0.023962
sonic,3,3,0,0.000000
sonic,1,1,0,0.000000
sonic,5,5,0,0.000000
sonic,6,6,0,0.000000
sonic,364,364,0,0.000000
sonic,422,457,35,0.082938
sonic,179,188,9,0.050279
sonic,118,118,0,0.000000
sonic,1,1,0,0.000000
sonic,858,907,49,0.057110
sonic,149,154,5,0.033557
sonic,639,665,26,0.040689
sonic,1373,1428,55,0.040058
sonic,946,989,43,0.045455
sonic,861,895,34,0.039489
sonic,10,10,0,0.000000
sonic,203,203,0,0.000000
sonic,132,132,0,0.000000
sonic,6,6,0,0.000000
sonic,3,3,0,0.000000
sonic,9,9,0,0.000000
sonic,161,177,16,0.099379
sonic,169,175,6,0.035503
sonic,594,617,23,0.038721
sonic,556,564,8,0.014388
sonic,204,225,21,0.102941
sonic,388,390,2,0.005155
sonic,641,667,26,0.040562
sonic,211,228,17,0.080569
sonic,903,1016,113,0.125138
sonic,850,872,22,0.025882
sonic,259,277,18,0.069498
sonic,139,149,10,0.071942
sonic,1,1,0,0.000000
sonic,380,380,0,0.000000
sonic,2317,2367,50,0.021580
sonic,425,425,0,0.000000
sonic,696,716,20,0.028736
sonic,3919,4016,97,0.024751
sonic,803,821,18,0.022416
sonic,525,538,13,0.024762
sonic,492,504,12,0.024390
sonic,691,731,40,0.057887
sonic,1292,1345,53,0.041022
sonic,962,996,34,0.035343
sonic,1327,1369,42,0.031650
sonic,1239,1262,23,0.018563
sonic,954,1017,63,0.066038
sonic,1456,1493,37,0.025412
sonic,487,517,30,0.061602
sonic,735,778,43,0.058503
sonic,888,903,15,0.016892
sonic,1285,1318,33,0.025681
sonic,1719,1817,98,0.057010
sonic,844,865,21,0.024882
sonic,1190,1220,30,0.025210
sonic,1204,1215,11,0.009136
sonic,451,468,17,0.037694
sonic,12,12,0,0.000000
sonic,24,24,0,0.000000
sonic,1,1,0,0.000000
sonic,179,179,0,0.000000
sonic,694,702,8,0.011527
sonic,1,2,1,1.000000
sonic,836,850,14,0.016746
sonic,399,417,18,0.045113
sonic,1748,1779,31,0.017735
sonic,1,2,1,1.000000
sonic,1522,1563,41,0.026938
sonic,921,958,37,0.040174
sonic,3070,3122,52,0.016938
sonic,322,328,6,0.018634
sonic,5,5,0,0.000000
sonic,3648,3817,169,0.046327
sonic,2283,2422,139,0.060885
sonic,2015,2093,78,0.038710
sonic,1627,1652,25,0.015366
sonic,2544,2606,62,0.024371
sonic,900,929,29,0.032222
sonic,4344,4424,80,0.018416
sonic,1296,1345,49,0.037809
sonic,1412,1484,72,0.050992
sonic,3492,3633,141,0.040378
sonic,1975,2060,85,0.043038
sonic,2932,2996,64,0.021828
sonic,2865,2952,87,0.030366
sonic,1603,1644,41,0.025577
sonic,2831,2922,91,0.032144
sonic,1690,1793,103,0.060947
sonic,1338,1367,29,0.021674
sonic,1937,1989,52,0.026846
sonic,1993,2066,73,0.036628
sonic,2118,2162,44,0.020774
sonic,738,775,37,0.050136
sonic,1886,1934,48,0.025451
sonic,2539,2619,80,0.031508
sonic,2329,2409,80,0.034350
sonic,3123,3225,102,0.032661
sonic,1266,1324,58,0.045814
sonic,3544,3644,100,0.028217
sonic,1758,1806,48,0.027304
sonic,1685,1742,57,0.033828
sonic,2828,2925,97,0.034300
sonic,431,466,35,0.081206
sonic,535,555,20,0.037383
sonic,608,636,28,0.046053
sonic,467,488,21,0.044968
sonic,4,4,0,0.000000
sonic,441,449,8,0.018141
sonic,322,323,1,0.003106
sonic,1087,1142,55,0.050598
sonic,569,602,33,0.057996
sonic,1092,1156,64,0.058608
sonic,10,10,0,0.000000
sonic,696,727,31,0.044540
sonic,2,2,0,0.000000
sonic,642,654,12,0.018692
sonic,18,18,0,0.000000
sonic,4,4,0,0.000000
sonic,706,744,38,0.053824
sonic,1113,1149,36,0.032345
sonic,871,920,49,0.056257
sonic,796,812,16,0.020101
sonic,408,416,8,0.019608
sonic,33,33,0,0.000000
sonic,306,306,0,0.000000
sonic,21,21,0,0.000000
sonic,8,8,0,0.000000
sonic,1,1,0,0.000000
sonic,4,4,0,0.000000
sonic,18,18,0,0.000000
sonic,310,328,18,0.058065
sonic,294,333,39,0.132653
sonic,2,2,0,0.000000
sonic,5514,5599,85,0.015415
sonic,1697,1930,233,0.137301
sonic,2625,2742,117,0.044571
sonic,6423,6480,57,0.008874
sonic,3263,3385,122,0.037389
sonic,3,3,0,0.000000
sonic,131,139,8,0.061069
sonic,1564,1690,126,0.080563
sonic,14,14,0,0.000000
sonic,1852,1971,119,0.064255
sonic,4,4,0,0.000000
sonic,691,698,7,0.010130
sonic,11,21,10,0.909091
sonic,618,633,15,0.024272
sonic,483,522,39,0.080745
sonic,15,15,0,0.000000
sonic,1,1,0,0.000000
sonic,280,295,15,0.053571
sonic,754,775,21,0.027851
sonic,1463,1492,29,0.019822
sonic,2232,2280,48,0.021505
sonic,2205,2250,45,0.020408
sonic,1530,1566,36,0.023529
sonic,2,2,0,0.000000
sonic,128,129,1,0.007812
sonic,9,24,15,1.666667
sonic,6,6,0,0.000000
sonic,1583,1627,44,0.027795
sonic,3497,3582,85,0.024307
sonic,1832,1892,60,0.032751
sonic,31,31,0,0.000000
sonic,3,3,0,0.000000
sonic,2,2,0,0.000000
sonic,5094,5215,121,0.023753
sonic,340,342,2,0.005882
sonic,26,26,0,0.000000
sonic,3,3,0,0.000000
sonic,1,1,0,0.000000
sonic,9,9,0,0.000000
sonic,14,14,0,0.000000
sonic,2920,3101,181,0.061986
sonic,15742,15936,194,0.012324
sonic,2,2,0,0.000000
sonic,2,2,0,0.000000
sonic,11,11,0,0.000000
sonic,19,19,0,0.000000
sonic,1,1,0,0.000000
sonic,39,40,1,0.025641
sonic,5,5,0,0.000000
sonic,1,1,0,0.000000
sonic,7,7,0,0.000000
sonic,1,1,0,0.000000
sonic,47,47,0,0.000000
sonic,21,21,0,0.000000
sonic,597,605,8,0.013400
sonic,6,10,4,0.666667
sonic,2754,2790,36,0.013072
sonic,1147,1216,69,0.060157
sonic,59,59,0,0.000000
sonic,1,1,0,0.000000
sonic,1635,1635,0,0.000000
sonic,4,4,0,0.000000
sonic,4,4,0,0.000000
sonic,603,621,18,0.029851
sonic,3015,3077,62,0.020564
sonic,3352,3418,66,0.019690
sonic,19,19,0,0.000000
sonic,9,9,0,0.000000
sonic,2,2,0,0.000000
sonic,14590,15095,505,0.034613
sonic,8371,8706,335,0.040019
sonic,6195,6363,168,0.027119
sonic,10769,11133,364,0.033801
sonic,6657,6788,131,0.019679
sonic,2230,2404,174,0.078027
sonic,5225,5483,258,0.049378
sonic,6339,6635,296,0.046695
sonic,6707,7020,313,0.046668
sonic,1420,1472,52,0.036620
sonic,1946,2024,78,0.040082
sonic,3,3,0,0.000000
sonic,22,22,0,0.000000
sonic,93,93,0,0.000000
sonic,81,81,0,0.000000
sonic,5,6,1,0.200000
sonic,4991,5169,178,0.035664
sonic,7393,7555,162,0.021913
sonic,4,4,0,0.000000
sonic,370,370,0,0.000000
sonic,928,978,50,0.053879
sonic,1624,1678,54,0.033251
sonic,2510,2564,54,0.021514
sonic,3,3,0,0.000000
sonic,28,32,4,0.142857
sonic,721,776,55,0.076283
sonic,2261,2325,64,0.028306
sonic,5962,6106,144,0.024153
sonic,2518,2568,50,0.019857
sonic,5,6,1,0.200000
sonic,2753,2788,35,0.012713
sonic,42,42,0,0.000000
sonic,8,8,0,0.000000
sonic,54,54,0,0.000000
sonic,2,2,0,0.000000
sonic,104,104,0,0.000000
sonic,110,160,50,0.454545
sonic,184,221,37,0.201087
sonic,621,702,81,0.130435
sonic,16,16,0,0.000000
sonic,14,16,2,0.142857
sonic,1003,1043,40,0.039880
sonic,10,10,0,0.000000
sonic,39,39,0,0.000000
sonic,20,20,0,0.000000
sonic,2239,2331,92,0.041090
sonic,71,71,0,0.000000
sonic,60,60,0,0.000000
sonic,188,188,0,0.000000
sonic,1,1,0,0.000000
sonic,8,8,0,0.000000
sonic,2,2,0,0.000000
panera,968,1045,77,0.079545
panera,2745,2854,109,0.039709
panera,4186,4298,112,0.026756
panera,5087,5163,76,0.014940
panera,4116,4201,85,0.020651
panera,4154,4228,74,0.017814
panera,5887,5919,32,0.005436
panera,6933,6994,61,0.008798
panera,450,544,94,0.208889
panera,2833,2953,120,0.042358
panera,294,352,58,0.197279
panera,80,112,32,0.400000
panera,3395,3451,56,0.016495
panera,1867,1917,50,0.026781
panera,8095,8263,168,0.020754
panera,5163,5265,102,0.019756
panera,4679,4787,108,0.023082
panera,3015,3127,112,0.037148
panera,8245,8534,289,0.035052
panera,3891,3960,69,0.017733
panera,3837,3915,78,0.020328
panera,5704,5782,78,0.013675
panera,2752,2811,59,0.021439
panera,4775,4856,81,0.016963
panera,4027,4074,47,0.011671
panera,3120,3178,58,0.018590
panera,3795,3845,50,0.013175
panera,1093,1194,101,0.092406
panera,5080,5251,171,0.033661
panera,314,397,83,0.264331
panera,3507,3560,53,0.015113
panera,3870,3919,49,0.012661
panera,1118,1170,52,0.046512
panera,3402,3449,47,0.013815
panera,190,219,29,0.152632
panera,33,33,0,0.000000
panera,6735,6928,193,0.028656
panera,7352,7604,252,0.034276
panera,3830,4051,221,0.057702
panera,3734,3823,89,0.023835
panera,761,874,113,0.148489
panera,6350,6435,85,0.013386
panera,2697,2830,133,0.049314
panera,7030,7164,134,0.019061
panera,4983,5100,117,0.023480
panera,3900,4057,157,0.040256
panera,1137,1232,95,0.083553
panera,6779,6923,144,0.021242
panera,4346,4460,114,0.026231
panera,4556,4662,106,0.023266
panera,2983,3085,102,0.034194
panera,4423,4508,85,0.019218
panera,3405,3510,105,0.030837
panera,826,1032,206,0.249395
panera,4329,4453,124,0.028644
panera,4806,4908,102,0.021223
panera,4530,4623,93,0.020530
panera,10,10,0,0.000000
panera,825,1021,196,0.237576
panera,192,263,71,0.369792
panera,2532,2633,101,0.039889
panera,3,3,0,0.000000
panera,488,563,75,0.153689
panera,63,144,81,1.285714
panera,2,2,0,0.000000
panera,556,605,49,0.088129
panera,2622,2707,85,0.032418
panera,5899,5981,82,0.013901
panera,5293,5457,164,0.030984
panera,23,23,0,0.000000
panera,2137,2170,33,0.015442
panera,937,1007,70,0.074707
panera,1271,1394,123,0.096774
panera,3675,3787,112,0.030476
panera,1047,1126,79,0.075454
panera,1416,1499,83,0.058616
panera,1070,1110,40,0.037383
panera,390,399,9,0.023077
panera,524,593,69,0.131679
panera,3053,3099,46,0.015067
panera,4671,4778,107,0.022907
panera,1756,1800,44,0.025057
panera,1432,1459,27,0.018855
panera,6239,6409,170,0.027248
panera,3265,3336,71,0.021746
panera,3883,3931,48,0.012362
panera,3566,3644,78,0.021873
panera,206,244,38,0.184466
panera,2772,2832,60,0.021645
panera,18,22,4,0.222222
panera,6208,6404,196,0.031572
panera,3681,3750,69,0.018745
panera,5431,5547,116,0.021359
panera,6406,6514,108,0.016859
panera,4302,4373,71,0.016504
panera,4463,4509,46,0.010307
panera,6036,6163,127,0.021040
panera,3028,3102,74,0.024439
panera,53,119,66,1.245283
panera,8408,8598,190,0.022598
panera,7131,7285,154,0.021596
panera,6810,7026,216,0.031718
panera,296,501,205,0.692568
panera,6198,6348,150,0.024201
panera,3568,3678,110,0.030830
panera,7365,7534,169,0.022946
panera,1529,1629,100,0.065402
panera,217,244,27,0.124424
panera,6,13,7,1.166667
panera,38,41,3,0.078947
panera,20,20,0,0.000000
panera,6633,6798,165,0.024876
panera,1204,1276,72,0.059801
panera,176,243,67,0.380682
panera,2842,2943,101,0.035538
panera,272,279,7,0.025735
panera,1880,1924,44,0.023404
panera,1410,1446,36,0.025532
panera,2366,2432,66,0.027895
panera,4860,4920,60,0.012346
panera,2884,2943,59,0.020458
panera,3066,3133,67,0.021853
panera,2141,2143,2,0.000934
panera,34,90,56,1.647059
panera,12,12,0,0.000000
panera,2722,2795,73,0.026819
panera,2745,2790,45,0.016393
panera,2832,2937,105,0.037076
panera,2194,2302,108,0.049225
panera,4356,4389,33,0.007576
panera,4462,4619,157,0.035186
panera,1125,1156,31,0.027556
panera,672,731,59,0.087798
panera,3536,3565,29,0.008201
panera,179,219,40,0.223464
panera,3191,3257,66,0.020683
panera,1784,1816,32,0.017937
panera,3108,3227,119,0.038288
panera,2897,3015,118,0.040732
panera,3753,3819,66,0.017586
panera,2320,2377,57,0.024569
panera,3152,3198,46,0.014594
panera,1777,1828,51,0.028700
panera,3515,3604,89,0.025320
panera,4153,4281,128,0.030821
panera,6212,6386,174,0.028010
panera,3566,3654,88,0.024678
panera,5501,5598,97,0.017633
panera,7682,7856,174,0.022650
panera,4322,4397,75,0.017353
panera,5875,6026,151,0.025702
panera,4862,4936,74,0.015220
panera,3134,3280,146,0.046586
panera,3138,3235,97,0.030911
panera,3401,3495,94,0.027639
panera,3795,3887,92,0.024242
panera,3102,3148,46,0.014829
panera,4894,4996,102,0.020842
panera,5565,5648,83,0.014915
panera,5004,5076,72,0.014388
panera,3278,3348,70,0.021354
panera,4853,4973,120,0.024727
panera,1905,2053,148,0.077690
panera,2608,2689,81,0.031058
panera,5239,5374,135,0.025768
panera,1186,1217,31,0.026138
panera,56,60,4,0.071429
panera,2746,2816,70,0.025492
panera,11,12,1,0.090909
panera,320,324,4,0.012500
panera,3869,3963,94,0.024296
panera,4959,5033,74,0.014922
panera,3929,4017,88,0.022398
panera,4652,4882,230,0.049441
panera,4492,4557,65,0.014470
panera,4520,4604,84,0.018584
panera,5483,5585,102,0.018603
panera,3493,3535,42,0.012024
panera,2082,2151,69,0.033141
panera,5,5,0,0.000000
panera,1112,1207,95,0.085432
panera,8628,8925,297,0.034423
panera,7760,7990,230,0.029639
panera,8476,8779,303,0.035748
panera,5276,5512,236,0.044731
panera,8161,8486,325,0.039824
panera,6813,7093,280,0.041098
panera,7138,7340,202,0.028299
panera,12116,12296,180,0.014856
panera,7128,7276,148,0.020763
panera,5828,5985,157,0.026939
panera,9448,9720,272,0.028789
panera,7134,7264,130,0.018223
panera,3616,3731,115,0.031803
panera,7399,7654,255,0.034464
panera,383,443,60,0.156658
panera,7072,7267,195,0.027574
panera,5663,5785,122,0.021543
panera,7764,7985,221,0.028465
panera,5103,5211,108,0.021164
panera,4629,4798,169,0.036509
panera,481,567,86,0.178794
panera,4061,4257,196,0.048264
panera,3208,3313,105,0.032731
panera,9598,9760,162,0.016879
panera,3223,3377,154,0.047782
panera,6196,6428,232,0.037444
panera,6513,6698,185,0.028405
panera,5513,5696,183,0.033194
panera,5687,5792,105,0.018463
panera,5780,5904,124,0.021453
panera,5433,5637,204,0.037548
panera,495,504,9,0.018182
panera,3217,3255,38,0.011812
panera,3610,3657,47,0.013019
panera,5418,5456,38,0.007014
panera,52,107,55,1.057692
panera,2,2,0,0.000000
panera,4845,4926,81,0.016718
panera,4688,4778,90,0.019198
panera,777,904,127,0.163449
panera,2720,2787,67,0.024632
panera,2894,2989,95,0.032827
panera,2045,2084,39,0.019071
panera,1334,1372,38,0.028486
panera,2399,2483,84,0.035015
panera,5311,5409,98,0.018452
panera,2234,2284,50,0.022381
panera,6277,6376,99,0.015772
panera,4194,4280,86,0.020505
panera,3991,4085,94,0.023553
panera,1882,1915,33,0.017535
panera,3622,3674,52,0.014357
panera,2325,2330,5,0.002151
panera,1015,1131,116,0.114286
panera,634,687,53,0.083596
panera,1833,1930,97,0.052919
panera,1182,1218,36,0.030457
panera,2184,2278,94,0.043040
panera,735,764,29,0.039456
panera,4094,4246,152,0.037128
panera,2579,2644,65,0.025204
panera,983,1017,34,0.034588
panera,7,7,0,0.000000
panera,6012,6193,181,0.030106
panera,3803,3885,82,0.021562
panera,2758,2873,115,0.041697
panera,4879,4990,111,0.022751
panera,7917,8064,147,0.018568
panera,5889,6080,191,0.032433
panera,3772,3824,52,0.013786
panera,6347,6510,163,0.025681
panera,13,13,0,0.000000
panera,1363,1400,37,0.027146
panera,5,6,1,0.200000
panera,5680,5926,246,0.043310
panera,4648,4826,178,0.038296
panera,5059,5198,139,0.027476
panera,4807,4863,56,0.011650
panera,7348,7428,80,0.010887
panera,685,766,81,0.118248
panera,4653,4789,136,0.029228
panera,4268,4380,112,0.026242
panera,6301,6434,133,0.021108
panera,2031,2118,87,0.042836
panera,4517,4588,71,0.015718
panera,3614,3684,70,0.019369
panera,6365,6478,113,0.017753
panera,5504,5642,138,0.025073
panera,5508,5561,53,0.009622
panera,172,218,46,0.267442
panera,891,982,91,0.102132
panera,433,511,78,0.180139
panera,5899,6077,178,0.030175
panera,2093,2150,57,0.027234
panera,2507,2607,100,0.039888
panera,33,33,0,0.000000
panera,2039,2137,98,0.048063
panera,2606,2704,98,0.037606
panera,6589,6672,83,0.012597
panera,7,7,0,0.000000
panera,377,401,24,0.063660
panera,255,305,50,0.196078
panera,10092,10254,162,0.016052
panera,5865,6069,204,0.034783
panera,4056,4143,87,0.021450
panera,6072,6280,208,0.034256
panera,3590,3684,94,0.026184
panera,740,820,80,0.108108
panera,4713,4829,116,0.024613
panera,758,758,0,0.000000
panera,9069,9220,151,0.016650
panera,4456,4530,74,0.016607
panera,8052,8113,61,0.007576
panera,731,844,113,0.154583
panera,8733,8859,126,0.014428
panera,5056,5221,165,0.032634
panera,3270,3336,66,0.020183
panera,4828,4938,110,0.022784
panera,4450,4487,37,0.008315
panera,5573,5658,85,0.015252
panera,6578,6696,118,0.017939
panera,2898,2982,84,0.028986
panera,5822,6013,191,0.032807
panera,41,41,0,0.000000
panera,719,736,17,0.023644
panera,1477,1489,12,0.008125
panera,7991,8177,186,0.023276
panera,6259,6402,143,0.022847
panera,3803,3941,138,0.036287
panera,4885,4951,66,0.013511
panera,3662,3767,105,0.028673
panera,5051,5088,37,0.007325
panera,2579,2618,39,0.015122
panera,6993,7107,114,0.016302
panera,1840,1883,43,0.023370
panera,1038,1078,40,0.038536
panera,441,522,81,0.183673
panera,4229,4307,78,0.018444
panera,591,652,61,0.103215
panera,4442,4549,107,0.024088
panera,1661,1710,49,0.029500
panera,486,578,92,0.189300
panera,12,12,0,0.000000
panera,4911,4999,88,0.017919
panera,4,4,0,0.000000
panera,6186,6340,154,0.024895
panera,5895,6150,255,0.043257
panera,3669,3751,82,0.022349
panera,5208,5339,131,0.025154
panera,4858,4951,93,0.019144
panera,4858,4961,103,0.021202
panera,742,816,74,0.099730
panera,2792,2895,103,0.036891
panera,1177,1251,74,0.062872
panera,686,810,124,0.180758
panera,2408,2452,44,0.018272
panera,3415,3478,63,0.018448
panera,4,4,0,0.000000
panera,1402,1454,52,0.037090
panera,570,622,52,0.091228
panera,395,464,69,0.174684
panera,35,85,50,1.428571
panera,4882,4999,117,0.023966
panera,3180,3239,59,0.018553
panera,6069,6284,215,0.035426
panera,6194,6344,150,0.024217
panera,5756,5932,176,0.030577
panera,3733,3791,58,0.015537
panera,4521,4650,129,0.028534
panera,6859,7075,216,0.031491
panera,3783,3862,79,0.020883
panera,4500,4648,148,0.032889
panera,7282,7443,161,0.022109
panera,6088,6121,33,0.005420
panera,5193,5315,122,0.023493
panera,5083,5219,136,0.026756
panera,4807,4929,122,0.025380
panera,3944,3985,41,0.010396
panera,4141,4218,77,0.018595
panera,3544,3684,140,0.039503
panera,4413,4502,89,0.020168
panera,3534,3626,92,0.026033
panera,3803,3859,56,0.014725
panera,56929,57859,930,0.016336
panera,17,56,39,2.294118
panera,79,101,22,0.278481
panera,2,2,0,0.000000
panera,11,11,0,0.000000
panera,7,7,0,0.000000
panera,3994,4084,90,0.022534
panera,7,14,7,1.000000
panera,2952,3025,73,0.024729
panera,3106,3187,81,0.026079
panera,3061,3113,52,0.016988
panera,1840,1873,33,0.017935
panera,577,668,91,0.157712
panera,2815,2872,57,0.020249
bojangles,1001,1039,38,0.037962
bojangles,51,53,2,0.039216
bojangles,103,124,21,0.203883
bojangles,1302,1319,17,0.013057
bojangles,10,11,1,0.100000
bojangles,8,12,4,0.500000
bojangles,10,10,0,0.000000
bojangles,4,4,0,0.000000
bojangles,1,1,0,0.000000
bojangles,483,509,26,0.053830
bojangles,848,870,22,0.025943
bojangles,1409,1449,40,0.028389
bojangles,485,503,18,0.037113
bojangles,945,948,3,0.003175
bojangles,1,1,0,0.000000
bojangles,208,247,39,0.187500
bojangles,12,12,0,0.000000
bojangles,56,73,17,0.303571
bojangles,2,2,0,0.000000
bojangles,1228,1278,50,0.040717
bojangles,782,810,28,0.035806
bojangles,2171,2219,48,0.022110
bojangles,605,681,76,0.125620
bojangles,96,119,23,0.239583
bojangles,1193,1257,64,0.053646
bojangles,1188,1236,48,0.040404
bojangles,295,353,58,0.196610
bojangles,1211,1267,56,0.046243
bojangles,942,965,23,0.024416
bojangles,817,832,15,0.018360
bojangles,1592,1614,22,0.013819
bojangles,35,47,12,0.342857
bojangles,98,101,3,0.030612
bojangles,902,920,18,0.019956
bojangles,384,434,50,0.130208
bojangles,303,303,0,0.000000
bojangles,9,9,0,0.000000
bojangles,257,292,35,0.136187
bojangles,346,346,0,0.000000
bojangles,15,15,0,0.000000
bojangles,3,3,0,0.000000
bojangles,18,18,0,0.000000
bojangles,7,7,0,0.000000
bojangles,432,451,19,0.043981
bojangles,28,37,9,0.321429
bojangles,104,117,13,0.125000
bojangles,458,501,43,0.093886
bojangles,2,2,0,0.000000
bojangles,339,341,2,0.005900
bojangles,750,777,27,0.036000
bojangles,1889,1937,48,0.025410
bojangles,769,809,40,0.052016
bojangles,926,938,12,0.012959
bojangles,23,35,12,0.521739
bojangles,226,242,16,0.070796
bojangles,6,9,3,0.500000
bojangles,1523,1574,51,0.033487
bojangles,2342,2421,79,0.033732
bojangles,1708,1787,79,0.046253
bojangles,1222,1265,43,0.035188
bojangles,1239,1249,10,0.008071
bojangles,7362,7544,182,0.024722
bojangles,3123,3261,138,0.044188
bojangles,667,690,23,0.034483
bojangles,2745,2864,119,0.043352
bojangles,1162,1200,38,0.032702
bojangles,447,499,52,0.116331
bojangles,5706,5872,166,0.029092
bojangles,1816,1891,75,0.041300
bojangles,1304,1334,30,0.023006
bojangles,2820,2951,131,0.046454
bojangles,1884,1967,83,0.044055
bojangles,1477,1584,107,0.072444
bojangles,2085,2110,25,0.011990
bojangles,872,911,39,0.044725
bojangles,1312,1342,30,0.022866
bojangles,1732,1781,49,0.028291
bojangles,1276,1322,46,0.036050
bojangles,690,722,32,0.046377
bojangles,758,787,29,0.038259
bojangles,5556,5658,102,0.018359
bojangles,1439,1479,40,0.027797
bojangles,1907,1990,83,0.043524
bojangles,595,653,58,0.097479
bojangles,1977,2079,102,0.051593
bojangles,227,238,11,0.048458
bojangles,722,750,28,0.038781
bojangles,1250,1303,53,0.042400
bojangles,792,936,144,0.181818
bojangles,1702,1762,60,0.035253
bojangles,350,370,20,0.057143
bojangles,730,771,41,0.056164
bojangles,620,640,20,0.032258
bojangles,287,311,24,0.083624
bojangles,1048,1103,55,0.052481
bojangles,3,3,0,0.000000
bojangles,427,465,38,0.088993
bojangles,1144,1187,43,0.037587
bojangles,704,712,8,0.011364
bojangles,577,598,21,0.036395
bojangles,1,1,0,0.000000
bojangles,167,177,10,0.059880
bojangles,5,5,0,0.000000
bojangles,773,812,39,0.050453
bojangles,588,612,24,0.040816
bojangles,675,705,30,0.044444
bojangles,1,1,0,0.000000
bojangles,380,380,0,0.000000
bojangles,528,559,31,0.058712
bojangles,1132,1163,31,0.027385
bojangles,716,727,11,0.015363
bojangles,349,354,5,0.014327
bojangles,482,527,45,0.093361
bojangles,1076,1117,41,0.038104
bojangles,10,10,0,0.000000
bojangles,638,654,16,0.025078
bojangles,863,887,24,0.027810
bojangles,120,120,0,0.000000
bojangles,33,33,0,0.000000
bojangles,12,12,0,0.000000
bojangles,2,2,0,0.000000
bojangles,337,367,30,0.089021
bojangles,8,8,0,0.000000
bojangles,4,5,1,0.250000
bojangles,255,285,30,0.117647
bojangles,110,146,36,0.327273
bojangles,2,7,5,2.500000
bojangles,69,88,19,0.275362
bojangles,809,846,37,0.045735
bojangles,522,545,23,0.044061
bojangles,339,378,39,0.115044
bojangles,514,514,0,0.000000
bojangles,227,230,3,0.013216
bojangles,907,997,90,0.099228
bojangles,760,771,11,0.014474
bojangles,791,795,4,0.005057
bojangles,11,11,0,0.000000
bojangles,43,50,7,0.162791
bojangles,1451,1513,62,0.042729
bojangles,1044,1100,56,0.053640
bojangles,101,118,17,0.168317
bojangles,929,979,50,0.053821
bojangles,274,275,1,0.003650
bojangles,2972,3075,103,0.034657
bojangles,1743,1808,65,0.037292
bojangles,2745,2836,91,0.033151
bojangles,1269,1321,52,0.040977
bojangles,1516,1546,30,0.019789
bojangles,1229,1257,28,0.022783
bojangles,3,3,0,0.000000
bojangles,13,13,0,0.000000
bojangles,228,239,11,0.048246
bojangles,1,1,0,0.000000
bojangles,19,19,0,0.000000
dennys,13,13,0,0.000000
dennys,488,500,12,0.024590
dennys,1208,1237,29,0.024007
dennys,175,202,27,0.154286
dennys,394,411,17,0.043147
dennys,1,1,0,0.000000
dennys,1603,1623,20,0.012477
dennys,7,7,0,0.000000
dennys,18,18,0,0.000000
dennys,14,14,0,0.000000
dennys,860,888,28,0.032558
dennys,1415,1440,25,0.017668
dennys,90,102,12,0.133333
dennys,1535,1556,21,0.013681
dennys,1572,1594,22,0.013995
dennys,1813,1852,39,0.021511
dennys,734,757,23,0.031335
dennys,1633,1697,64,0.039192
dennys,8,8,0,0.000000
dennys,7,7,0,0.000000
dennys,1414,1449,35,0.024752
dennys,16,16,0,0.000000
dennys,24,25,1,0.041667
dennys,25,25,0,0.000000
dennys,63,63,0,0.000000
dennys,1340,1370,30,0.022388
dennys,8,8,0,0.000000
dennys,17,17,0,0.000000
dennys,33,33,0,0.000000
dennys,1757,1811,54,0.030734
dennys,3,3,0,0.000000
dennys,2,2,0,0.000000
dennys,101,101,0,0.000000
dennys,1,0,-1,-1.000000
dennys,13,13,0,0.000000
dennys,4,4,0,0.000000
dennys,1082,1131,49,0.045287
dennys,1302,1345,43,0.033026
dennys,7,7,0,0.000000
dennys,769,780,11,0.014304
dennys,481,490,9,0.018711
dennys,866,899,33,0.038106
dennys,2,2,0,0.000000
dennys,2497,2669,172,0.068883
dennys,4940,5173,233,0.047166
dennys,1962,2040,78,0.039755
dennys,3988,4072,84,0.021063
dennys,3777,3899,122,0.032301
dennys,2549,2592,43,0.016869
dennys,3086,3164,78,0.025275
dennys,3964,4103,139,0.035066
dennys,1626,1647,21,0.012915
dennys,1100,1117,17,0.015455
dennys,2075,2101,26,0.012530
dennys,1231,1271,40,0.032494
dennys,1411,1457,46,0.032601
dennys,2677,2763,86,0.032126
dennys,1623,1671,48,0.029575
dennys,1342,1403,61,0.045455
dennys,2026,2093,67,0.033070
dennys,1781,1825,44,0.024705
dennys,1917,1982,65,0.033907
dennys,1397,1491,94,0.067287
dennys,1708,1786,78,0.045667
dennys,855,881,26,0.030409
dennys,2583,2650,67,0.025939
dennys,985,1008,23,0.023350
dennys,2011,2109,98,0.048732
dennys,1710,1722,12,0.007018
dennys,72,101,29,0.402778
dennys,2111,2171,60,0.028423
dennys,11,11,0,0.000000
dennys,1210,1258,48,0.039669
dennys,1184,1230,46,0.038851
dennys,197,198,1,0.005076
dennys,268,270,2,0.007463
dennys,2695,2819,124,0.046011
dennys,2355,2387,32,0.013588
dennys,1544,1575,31,0.020078
dennys,436,460,24,0.055046
dennys,2016,2089,73,0.036210
dennys,2027,2077,50,0.024667
dennys,2458,2531,73,0.029699
dennys,508,589,81,0.159449
dennys,1054,1110,56,0.053131
dennys,1014,1046,32,0.031558
dennys,1623,1654,31,0.019100
dennys,22,23,1,0.045455
dennys,791,815,24,0.030341
dennys,1378,1435,57,0.041364
dennys,2358,2423,65,0.027566
dennys,1441,1475,34,0.023595
dennys,3180,3268,88,0.027673
dennys,1767,1853,86,0.048670
dennys,1,1,0,0.000000
dennys,1386,1427,41,0.029582
dennys,1739,1789,50,0.028752
dennys,2285,2348,63,0.027571
dennys,6,6,0,0.000000
dennys,826,853,27,0.032688
dennys,62,125,63,1.016129
dennys,53,54,1,0.018868
dennys,12,12,0,0.000000
dennys,19,20,1,0.052632
dennys,4,4,0,0.000000
dennys,98,113,15,0.153061
dennys,11,11,0,0.000000
dennys,1,1,0,0.000000
dennys,1125,1175,50,0.044444
dennys,1033,1077,44,0.042594
dennys,1090,1118,28,0.025688
dennys,1192,1253,61,0.051174
dennys,916,941,25,0.027293
dennys,3,4,1,0.333333
dennys,1011,1041,30,0.029674
dennys,809,850,41,0.050680
dennys,12,12,0,0.000000
dennys,749,774,25,0.033378
dennys,1181,1205,24,0.020322
dennys,4,4,0,0.000000
dennys,1338,1391,53,0.039611
dennys,9,9,0,0.000000
dennys,628,630,2,0.003185
dennys,12,12,0,0.000000
dennys,1,1,0,0.000000
dennys,7,7,0,0.000000
dennys,46,46,0,0.000000
dennys,1053,1101,48,0.045584
dennys,1818,1869,51,0.028053
dennys,50,59,9,0.180000
dennys,711,724,13,0.018284
dennys,502,507,5,0.009960
dennys,591,592,1,0.001692
dennys,615,632,17,0.027642
dennys,499,522,23,0.046092
dennys,742,745,3,0.004043
dennys,235,258,23,0.097872
dennys,342,375,33,0.096491
dennys,690,717,27,0.039130
dennys,28,28,0,0.000000
dennys,593,617,24,0.040472
dennys,473,473,0,0.000000
dennys,2,2,0,0.000000
dennys,604,613,9,0.014901
dennys,7,7,0,0.000000
dennys,2,2,0,0.000000
dennys,969,999,30,0.030960
dennys,1054,1074,20,0.018975
dennys,2,2,0,0.000000
dennys,840,872,32,0.038095
dennys,55,55,0,0.000000
dennys,2136,2181,45,0.021067
dennys,1300,1354,54,0.041538
dennys,22,23,1,0.045455
dennys,20,21,1,0.050000
dennys,150,150,0,0.000000
dennys,5856,6012,156,0.026639
dennys,3112,3160,48,0.015424
dennys,413,428,15,0.036320
dennys,1019,1047,28,0.027478
dennys,940,967,27,0.028723
dennys,26,26,0,0.000000
dennys,854,900,46,0.053864
dennys,1,1,0,0.000000
dennys,459,476,17,0.037037
dennys,1176,1233,57,0.048469
dennys,33,33,0,0.000000
dennys,14,14,0,0.000000
dennys,20,20,0,0.000000
dennys,4,4,0,0.000000
dennys,27,27,0,0.000000
dennys,3,3,0,0.000000
dennys,808,856,48,0.059406
dennys,1521,1547,26,0.017094
dennys,212,215,3,0.014151
dennys,1112,1197,85,0.076439
dennys,4,4,0,0.000000
dennys,33,35,2,0.060606
dennys,2,2,0,0.000000
dennys,1,1,0,0.000000
dennys,385,421,36,0.093506
dennys,7,7,0,0.000000
dennys,422,445,23,0.054502
dennys,116,128,12,0.103448
dennys,15,15,0,0.000000
dennys,220,230,10,0.045455
dennys,5,5,0,0.000000
dennys,32,32,0,0.000000
dennys,737,774,37,0.050204
dennys,577,585,8,0.013865
dennys,135,137,2,0.014815
dennys,2396,2446,50,0.020868
dennys,905,989,84,0.092818
dennys,954,978,24,0.025157
dennys,750,758,8,0.010667
dennys,8,8,0,0.000000
dennys,326,333,7,0.021472
dennys,288,313,25,0.086806
dennys,107,106,-1,-0.009346
dennys,451,462,11,0.024390
dennys,780,792,12,0.015385
dennys,1257,1296,39,0.031026
dennys,645,654,9,0.013953
dennys,408,412,4,0.009804
dennys,970,978,8,0.008247
dennys,340,344,4,0.011765
dennys,9,9,0,0.000000
dennys,4,4,0,0.000000
dennys,2,19,17,8.500000
dennys,1060,1083,23,0.021698
dennys,544,557,13,0.023897
dennys,744,746,2,0.002688
dennys,9,9,0,0.000000
dennys,11,11,0,0.000000
dennys,900,902,2,0.002222
dennys,863,863,0,0.000000
dennys,1895,1949,54,0.028496
dennys,28,28,0,0.000000
dennys,700,700,0,0.000000
dennys,322,322,0,0.000000
dennys,22,22,0,0.000000
dennys,1710,1748,38,0.022222
dennys,1482,1533,51,0.034413
dennys,1520,1565,45,0.029605
dennys,2768,2807,39,0.014090
dennys,2024,2097,73,0.036067
dennys,2,2,0,0.000000
dennys,2,2,0,0.000000
dennys,602,620,18,0.029900
dennys,452,488,36,0.079646
dennys,601,611,10,0.016639
dennys,266,284,18,0.067669
dennys,687,687,0,0.000000
dennys,16,17,1,0.062500
dennys,416,442,26,0.062500
dennys,891,917,26,0.029181
dennys,377,379,2,0.005305
dennys,5465,5682,217,0.039707
dennys,223,242,19,0.085202
dennys,298,317,19,0.063758
dennys,685,689,4,0.005839
dennys,382,394,12,0.031414
dennys,16,24,8,0.500000
dennys,555,579,24,0.043243
dennys,906,943,37,0.040839
dennys,574,584,10,0.017422
dennys,1992,2022,30,0.015060
dennys,902,936,34,0.037694
dennys,2,2,0,0.000000
dennys,1,1,0,0.000000
dennys,3678,3768,90,0.024470
dennys,2988,3078,90,0.030120
dennys,4470,4582,112,0.025056
dennys,1319,1377,58,0.043973
dennys,4007,4101,94,0.023459
dennys,5776,5979,203,0.035145
dennys,1,1,0,0.000000
dennys,2639,2730,91,0.034483
dennys,7,7,0,0.000000
dennys,10,10,0,0.000000
dennys,1691,1730,39,0.023063
dennys,6,6,0,0.000000
dennys,2,2,0,0.000000
dennys,2,2,0,0.000000
dennys,3777,3843,66,0.017474
dennys,1893,1929,36,0.019017
dennys,1809,1859,50,0.027640
dennys,1,1,0,0.000000
dennys,30,30,0,0.000000
dennys,1548,1574,26,0.016796
dennys,7,7,0,0.000000
dennys,1119,1119,0,0.000000
dennys,22,76,54,2.454545
dennys,2023,2078,55,0.027187
dennys,5,9,4,0.800000
dennys,2,2,0,0.000000
dennys,936,952,16,0.017094
dennys,1,1,0,0.000000
dennys,619,635,16,0.025848
dennys,2,2,0,0.000000
dennys,2,2,0,0.000000
dennys,1212,1253,41,0.033828
dennys,958,966,8,0.008351
dennys,1102,1126,24,0.021779
dennys,1172,1191,19,0.016212
dennys,1382,1398,16,0.011577
dennys,1,1,0,0.000000
dennys,11,11,0,0.000000
dennys,1575,1613,38,0.024127
dennys,1741,1776,35,0.020103
dennys,2,2,0,0.000000
dennys,1210,1221,11,0.009091
dennys,991,1015,24,0.024218
dennys,1732,1771,39,0.022517
dennys,1873,1928,55,0.029365
dennys,877,893,16,0.018244
dennys,245,261,16,0.065306
dennys,1,1,0,0.000000
dennys,781,827,46,0.058899
dennys,1169,1221,52,0.044482
dennys,35,35,0,0.000000
dennys,1353,1381,28,0.020695
dennys,1630,1653,23,0.014110
dennys,18,18,0,0.000000
dennys,14,14,0,0.000000
dennys,2,2,0,0.000000
dennys,10,10,0,0.000000
dennys,4768,4824,56,0.011745
dennys,3045,3108,63,0.020690
dennys,9,9,0,0.000000
dennys,34,34,0,0.000000
dennys,997,1045,48,0.048144
dennys,18,18,0,0.000000
dennys,32,33,1,0.031250
dennys,2,2,0,0.000000
dennys,688,712,24,0.034884
dennys,29,29,0,0.000000
dennys,1208,1223,15,0.012417
dennys,4,4,0,0.000000
dennys,3,3,0,0.000000
dennys,3,3,0,0.000000
dennys,3,3,0,0.000000
dennys,1,1,0,0.000000
dennys,10,10,0,0.000000
dennys,1,3,2,2.000000
dennys,2003,2047,44,0.021967
dennys,1,1,0,0.000000
dennys,1862,1891,29,0.015575
dennys,47,47,0,0.000000
dennys,253,277,24,0.094862
dennys,2128,2163,35,0.016447
dennys,1,1,0,0.000000
dennys,4,4,0,0.000000
dennys,66,66,0,0.000000
dennys,2917,2956,39,0.013370
dennys,996,1005,9,0.009036
dennys,20,20,0,0.000000
dennys,2275,2300,25,0.010989
dennys,6,6,0,0.000000
dennys,35,35,0,0.000000
dennys,27,27,0,0.000000
dennys,2942,2968,26,0.008838
dennys,1,1,0,0.000000
dennys,1201,1228,27,0.022481
dennys,2158,2193,35,0.016219
dennys,1771,1867,96,0.054207
dennys,72,72,0,0.000000
dennys,92,92,0,0.000000
dennys,2457,2541,84,0.034188
dennys,315,318,3,0.009524
dennys,1916,2009,93,0.048539
dennys,2268,2306,38,0.016755
dennys,2736,2811,75,0.027412
dennys,4271,4333,62,0.014517
dennys,1651,1651,0,0.000000
dennys,1853,1894,41,0.022126
dennys,2890,2939,49,0.016955
dennys,2604,2681,77,0.029570
dennys,76,76,0,0.000000
dennys,1602,1634,32,0.019975
dennys,2778,2822,44,0.015839
dennys,1587,1610,23,0.014493
dennys,2,2,0,0.000000
dennys,816,833,17,0.020833
dennys,1304,1320,16,0.012270
dennys,1670,1694,24,0.014371
dennys,1670,1699,29,0.017365
dennys,1099,1123,24,0.021838
dennys,3,3,0,0.000000
dennys,980,1002,22,0.022449
dennys,1877,1905,28,0.014917
dennys,171,198,27,0.157895
dennys,20,20,0,0.000000
dennys,1500,1525,25,0.016667
dennys,2790,2833,43,0.015412
dennys,2667,2717,50,0.018748
dennys,1165,1190,25,0.021459
dennys,4,4,0,0.000000
dennys,4,4,0,0.000000
dennys,1527,1575,48,0.031434
dennys,1030,1068,38,0.036893
dennys,704,756,52,0.073864
dennys,894,910,16,0.017897
dennys,1,1,0,0.000000
dennys,873,898,25,0.028637
dennys,4,4,0,0.000000
dennys,1830,1883,53,0.028962
dennys,2272,2317,45,0.019806
dennys,1456,1461,5,0.003434
dennys,152,195,43,0.282895
dennys,1230,1255,25,0.020325
dennys,2346,2392,46,0.019608
dennys,1176,1190,14,0.011905
dennys,1737,1795,58,0.033391
dennys,1590,1623,33,0.020755
dennys,156,171,15,0.096154
dennys,1456,1503,47,0.032280
dennys,8,8,0,0.000000
dennys,3,3,0,0.000000
dennys,1504,1559,55,0.036569
dennys,7,7,0,0.000000
dennys,2116,2162,46,0.021739
dennys,1824,1860,36,0.019737
dennys,20,20,0,0.000000
dennys,11,11,0,0.000000
dennys,22,22,0,0.000000
dennys,45,45,0,0.000000
dennys,2,2,0,0.000000
dennys,4,4,0,0.000000
dennys,7,7,0,0.000000
dennys,19,19,0,0.000000
dennys,4,4,0,0.000000
dennys,20,20,0,0.000000
dennys,11,11,0,0.000000
dennys,1,1,0,0.000000
dennys,55,55,0,0.000000
dennys,66,74,8,0.121212
dennys,1,1,0,0.000000
dennys,589,613,24,0.040747
dennys,2562,2609,47,0.018345
dennys,13,13,0,0.000000
dennys,3,5,2,0.666667
dennys,1415,1478,63,0.044523
dennys,387,409,22,0.056848
dennys,419,422,3,0.007160
dennys,447,491,44,0.098434
dennys,1016,1049,33,0.032480
dennys,45,46,1,0.022222
dennys,654,663,9,0.013761
dennys,1689,1721,32,0.018946
dennys,232,247,15,0.064655
dennys,1188,1221,33,0.027778
dennys,63,63,0,0.000000
dennys,216,262,46,0.212963
dennys,198,198,0,0.000000
dennys,1,1,0,0.000000
dennys,29,29,0,0.000000
dennys,1886,1919,33,0.017497
dennys,2,2,0,0.000000
dennys,1,1,0,0.000000
dennys,2528,2558,30,0.011867
dennys,3257,3375,118,0.036230
dennys,3049,3138,89,0.029190
dennys,1853,1895,42,0.022666
dennys,2166,2221,55,0.025392
dennys,1542,1632,90,0.058366
dennys,307,338,31,0.100977
dennys,122,138,16,0.131148
dennys,125,128,3,0.024000
dennys,1681,1757,76,0.045211
dennys,2484,2576,92,0.037037
dennys,1279,1297,18,0.014073
dennys,885,927,42,0.047458
dennys,4,5,1,0.250000
dennys,152,171,19,0.125000
dennys,68,68,0,0.000000
dennys,4,4,0,0.000000
dennys,589,590,1,0.001698
dennys,30,47,17,0.566667
wendys,687,711,24,0.034934
wendys,1457,1486,29,0.019904
wendys,611,638,27,0.044190
wendys,693,705,12,0.017316
wendys,1386,1445,59,0.042569
wendys,1937,2045,108,0.055756
wendys,837,869,32,0.038232
wendys,689,741,52,0.075472
wendys,690,703,13,0.018841
wendys,8,8,0,0.000000
wendys,1017,1028,11,0.010816
wendys,388,403,15,0.038660
wendys,632,662,30,0.047468
wendys,341,360,19,0.055718
wendys,216,225,9,0.041667
wendys,362,362,0,0.000000
wendys,322,330,8,0.024845
wendys,640,680,40,0.062500
wendys,1456,1519,63,0.043269
wendys,752,778,26,0.034574
wendys,314,343,29,0.092357
wendys,805,835,30,0.037267
wendys,4,5,1,0.250000
wendys,376,376,0,0.000000
wendys,1000,1049,49,0.049000
wendys,422,425,3,0.007109
wendys,1184,1260,76,0.064189
wendys,1116,1165,49,0.043907
wendys,146,147,1,0.006849
wendys,25,25,0,0.000000
wendys,1134,1196,62,0.054674
wendys,1342,1367,25,0.018629
wendys,1926,1997,71,0.036864
wendys,469,489,20,0.042644
wendys,777,790,13,0.016731
wendys,812,852,40,0.049261
wendys,903,940,37,0.040975
wendys,2,2,0,0.000000
wendys,1256,1308,52,0.041401
wendys,494,507,13,0.026316
wendys,914,948,34,0.037199
wendys,904,968,64,0.070796
wendys,1030,1080,50,0.048544
wendys,1328,1384,56,0.042169
wendys,326,390,64,0.196319
wendys,803,865,62,0.077210
wendys,7,7,0,0.000000
wendys,2708,2813,105,0.038774
wendys,568,584,16,0.028169
wendys,197,197,0,0.000000
wendys,1142,1212,70,0.061296
wendys,2396,2465,69,0.028798
wendys,285,297,12,0.042105
wendys,17,17,0,0.000000
wendys,1143,1173,30,0.026247
wendys,6,6,0,0.000000
wendys,831,837,6,0.007220
wendys,5,5,0,0.000000
wendys,1372,1419,47,0.034257
wendys,336,361,25,0.074405
wendys,39,39,0,0.000000
wendys,284,286,2,0.007042
wendys,459,527,68,0.148148
wendys,272,305,33,0.121324
wendys,270,291,21,0.077778
wendys,6,6,0,0.000000
wendys,154,164,10,0.064935
wendys,720,741,21,0.029167
wendys,366,391,25,0.068306
wendys,298,332,34,0.114094
wendys,227,237,10,0.044053
wendys,19,19,0,0.000000
wendys,25,25,0,0.000000
wendys,283,292,9,0.031802
wendys,279,279,0,0.000000
wendys,415,433,18,0.043373
wendys,374,379,5,0.013369
wendys,254,256,2,0.007874
wendys,950,982,32,0.033684
wendys,721,739,18,0.024965
wendys,460,478,18,0.039130
wendys,280,280,0,0.000000
wendys,1239,1285,46,0.037127
wendys,198,202,4,0.020202
wendys,557,572,15,0.026930
wendys,2182,2349,167,0.076535
wendys,2175,2299,124,0.057011
wendys,874,895,21,0.024027
wendys,1456,1523,67,0.046016
wendys,1089,1163,74,0.067952
wendys,1564,1607,43,0.027494
wendys,933,958,25,0.026795
wendys,1740,1838,98,0.056322
wendys,29,29,0,0.000000
wendys,986,1032,46,0.046653
wendys,1838,1931,93,0.050598
wendys,1740,1816,76,0.043678
wendys,14,14,0,0.000000
wendys,7,7,0,0.000000
wendys,13,13,0,0.000000
wendys,874,874,0,0.000000
wendys,4,5,1,0.250000
wendys,909,936,27,0.029703
wendys,6,6,0,0.000000
wendys,712,733,21,0.029494
wendys,1001,1033,32,0.031968
wendys,1,1,0,0.000000
wendys,2212,2316,104,0.047016
wendys,995,1013,18,0.018090
wendys,1637,1766,129,0.078803
wendys,1023,1087,64,0.062561
wendys,335,342,7,0.020896
wendys,3,3,0,0.000000
wendys,27,27,0,0.000000
wendys,6,6,0,0.000000
wendys,1588,1636,48,0.030227
wendys,458,490,32,0.069869
wendys,1248,1286,38,0.030449
wendys,1864,1938,74,0.039700
wendys,1423,1499,76,0.053408
wendys,2495,2582,87,0.034870
wendys,1227,1264,37,0.030155
wendys,1614,1658,44,0.027261
wendys,1020,1049,29,0.028431
wendys,1150,1183,33,0.028696
wendys,431,441,10,0.023202
wendys,1181,1239,58,0.049111
wendys,1212,1283,71,0.058581
wendys,1868,1916,48,0.025696
wendys,1148,1148,0,0.000000
wendys,1656,1709,53,0.032005
wendys,1007,1064,57,0.056604
wendys,910,935,25,0.027473
wendys,1203,1229,26,0.021613
wendys,899,948,49,0.054505
wendys,765,800,35,0.045752
wendys,1486,1534,48,0.032301
wendys,757,766,9,0.011889
wendys,1188,1222,34,0.028620
wendys,748,773,25,0.033422
wendys,1261,1288,27,0.021412
wendys,1303,1336,33,0.025326
wendys,1019,1102,83,0.081452
wendys,3151,3229,78,0.024754
wendys,1573,1611,38,0.024158
wendys,287,324,37,0.128920
wendys,897,953,56,0.062430
wendys,3,7,4,1.333333
wendys,637,661,24,0.037677
wendys,11,22,11,1.000000
wendys,38,39,1,0.026316
wendys,357,370,13,0.036415
wendys,147,148,1,0.006803
wendys,63,63,0,0.000000
wendys,732,767,35,0.047814
wendys,476,500,24,0.050420
wendys,469,494,25,0.053305
wendys,427,448,21,0.049180
wendys,1598,1661,63,0.039424
wendys,197,197,0,0.000000
wendys,460,479,19,0.041304
wendys,280,292,12,0.042857
wendys,431,433,2,0.004640
wendys,375,415,40,0.106667
wendys,1,1,0,0.000000
wendys,1914,1946,32,0.016719
wendys,498,538,40,0.080321
wendys,791,802,11,0.013906
wendys,640,661,21,0.032813
wendys,833,876,43,0.051621
wendys,356,373,17,0.047753
wendys,5,5,0,0.000000
wendys,674,736,62,0.091988
wendys,266,286,20,0.075188
wendys,1002,1029,27,0.026946
wendys,142,149,7,0.049296
wendys,381,428,47,0.123360
wendys,1424,1503,79,0.055478
wendys,977,1015,38,0.038895
wendys,378,407,29,0.076720
wendys,174,178,4,0.022989
wendys,1,1,0,0.000000
wendys,455,491,36,0.079121
wendys,275,294,19,0.069091
wendys,507,526,19,0.037475
wendys,49,49,0,0.000000
wendys,253,260,7,0.027668
wendys,5,5,0,0.000000
wendys,726,747,21,0.028926
wendys,444,477,33,0.074324
wendys,31,54,23,0.741935
wendys,1168,1199,31,0.026541
wendys,3,3,0,0.000000
wendys,276,278,2,0.007246
wendys,390,411,21,0.053846
wendys,333,394,61,0.183183
wendys,962,1003,41,0.042620
wendys,828,899,71,0.085749
wendys,487,523,36,0.073922
wendys,2,2,0,0.000000
wendys,549,576,27,0.049180
wendys,299,325,26,0.086957
wendys,89,89,0,0.000000
wendys,320,332,12,0.037500
wendys,224,243,19,0.084821
wendys,651,682,31,0.047619
wendys,530,574,44,0.083019
wendys,674,724,50,0.074184
wendys,127,132,5,0.039370
wendys,233,287,54,0.231760
wendys,443,448,5,0.011287
wendys,3,3,0,0.000000
wendys,106,106,0,0.000000
wendys,355,368,13,0.036620
wendys,328,351,23,0.070122
wendys,328,333,5,0.015244
wendys,985,1043,58,0.058883
wendys,1044,1075,31,0.029693
wendys,1352,1418,66,0.048817
wendys,209,209,0,0.000000
wendys,10,10,0,0.000000
wendys,5,6,1,0.200000
wendys,980,1014,34,0.034694
wendys,1219,1261,42,0.034454
wendys,475,488,13,0.027368
wendys,401,403,2,0.004988
wendys,590,594,4,0.006780
wendys,6,6,0,0.000000
wendys,14,14,0,0.000000
wendys,11,11,0,0.000000
wendys,388,423,35,0.090206
wendys,943,964,21,0.022269
wendys,848,895,47,0.055425
wendys,1344,1394,50,0.037202
wendys,93,121,28,0.301075
wendys,579,608,29,0.050086
wendys,573,592,19,0.033159
wendys,796,844,48,0.060302
wendys,1469,1512,43,0.029272
wendys,457,472,15,0.032823
wendys,916,936,20,0.021834
wendys,356,418,62,0.174157
wendys,470,498,28,0.059574
wendys,1577,1598,21,0.013316
wendys,518,556,38,0.073359
wendys,1272,1321,49,0.038522
wendys,489,510,21,0.042945
wendys,910,958,48,0.052747
wendys,346,365,19,0.054913
wendys,4,6,2,0.500000
wendys,980,1049,69,0.070408
wendys,414,428,14,0.033816
wendys,1182,1243,61,0.051607
wendys,2,2,0,0.000000
wendys,2,2,0,0.000000
wendys,1143,1186,43,0.037620
wendys,376,396,20,0.053191
wendys,251,268,17,0.067729
wendys,4,4,0,0.000000
wendys,228,228,0,0.000000
wendys,457,514,57,0.124726
wendys,774,774,0,0.000000
wendys,180,180,0,0.000000
wendys,716,731,15,0.020950
wendys,522,563,41,0.078544
wendys,1356,1401,45,0.033186
wendys,526,556,30,0.057034
wendys,332,356,24,0.072289
wendys,558,610,52,0.093190
wendys,1048,1108,60,0.057252
wendys,4,4,0,0.000000
wendys,4979,5073,94,0.018879
wendys,819,849,30,0.036630
wendys,3947,4086,139,0.035217
wendys,708,751,43,0.060734
wendys,461,494,33,0.071584
wendys,3967,4099,132,0.033275
wendys,1799,1886,87,0.048360
wendys,1117,1174,57,0.051030
wendys,937,954,17,0.018143
wendys,376,407,31,0.082447
wendys,1405,1436,31,0.022064
wendys,856,873,17,0.019860
wendys,1319,1356,37,0.028052
wendys,862,908,46,0.053364
wendys,192,256,64,0.333333
wendys,606,626,20,0.033003
wendys,1246,1302,56,0.044944
wendys,779,807,28,0.035944
wendys,935,999,64,0.068449
wendys,1461,1488,27,0.018480
wendys,712,756,44,0.061798
wendys,1124,1175,51,0.045374
wendys,1395,1426,31,0.022222
wendys,1164,1256,92,0.079038
wendys,866,1018,152,0.175520
wendys,16,16,0,0.000000
wendys,836,881,45,0.053828
wendys,220,220,0,0.000000
wendys,1036,1102,66,0.063707
wendys,19,19,0,0.000000
wendys,1053,1099,46,0.043685
wendys,676,712,36,0.053254
wendys,428,443,15,0.035047
wendys,531,545,14,0.026365
wendys,528,586,58,0.109848
wendys,672,710,38,0.056548
wendys,497,515,18,0.036217
wendys,1194,1247,53,0.044389
wendys,146,146,0,0.000000
wendys,464,504,40,0.086207
wendys,10,10,0,0.000000
wendys,555,574,19,0.034234
wendys,219,221,2,0.009132
wendys,384,401,17,0.044271
wendys,49,105,56,1.142857
wendys,681,690,9,0.013216
wendys,1,1,0,0.000000
wendys,590,611,21,0.035593
wendys,8,8,0,0.000000
wendys,545,574,29,0.053211
wendys,105,105,0,0.000000
wendys,5,5,0,0.000000
wendys,414,435,21,0.050725
wendys,1,1,0,0.000000
wendys,133,164,31,0.233083
wendys,318,324,6,0.018868
wendys,417,432,15,0.035971
wendys,638,662,24,0.037618
wendys,474,478,4,0.008439
wendys,686,691,5,0.007289
wendys,318,346,28,0.088050
wendys,829,859,30,0.036188
wendys,586,628,42,0.071672
wendys,584,626,42,0.071918
wendys,15,15,0,0.000000
wendys,657,675,18,0.027397
wendys,740,756,16,0.021622
wendys,701,822,121,0.172611
wendys,439,503,64,0.145786
wendys,330,333,3,0.009091
wendys,160,187,27,0.168750
wendys,202,209,7,0.034653
wendys,374,377,3,0.008021
wendys,179,187,8,0.044693
wendys,389,398,9,0.023136
wendys,1758,1806,48,0.027304
wendys,630,658,28,0.044444
wendys,1100,1128,28,0.025455
wendys,36,36,0,0.000000
wendys,740,765,25,0.033784
wendys,628,634,6,0.009554
wendys,819,838,19,0.023199
wendys,1047,1068,21,0.020057
wendys,8,8,0,0.000000
wendys,776,788,12,0.015464
wendys,1166,1180,14,0.012007
wendys,25,27,2,0.080000
wendys,333,346,13,0.039039
wendys,725,763,38,0.052414
wendys,545,571,26,0.047706
wendys,2,2,0,0.000000
wendys,346,353,7,0.020231
wendys,617,647,30,0.048622
wendys,292,303,11,0.037671
wendys,838,905,67,0.079952
wendys,874,914,40,0.045767
wendys,146,147,1,0.006849
wendys,1320,1393,73,0.055303
wendys,270,293,23,0.085185
wendys,73,100,27,0.369863
wendys,317,322,5,0.015773
wendys,207,213,6,0.028986
wendys,802,848,46,0.057357
wendys,1,1,0,0.000000
wendys,2,2,0,0.000000
wendys,652,703,51,0.078221
wendys,158,177,19,0.120253
wendys,172,172,0,0.000000
wendys,150,158,8,0.053333
wendys,604,608,4,0.006623
wendys,5,5,0,0.000000
wendys,178,182,4,0.022472
wendys,308,334,26,0.084416
wendys,348,353,5,0.014368
wendys,25,25,0,0.000000
wendys,299,312,13,0.043478
wendys,25,31,6,0.240000
wendys,558,594,36,0.064516
wendys,853,881,28,0.032825
wendys,417,453,36,0.086331
wendys,694,704,10,0.014409
wendys,200,207,7,0.035000
wendys,1170,1209,39,0.033333
wendys,258,280,22,0.085271
wendys,221,230,9,0.040724
wendys,293,320,27,0.092150
wendys,188,195,7,0.037234
wendys,1145,1174,29,0.025328
wendys,81,88,7,0.086420
wendys,105,107,2,0.019048
wendys,100,100,0,0.000000
wendys,4,4,0,0.000000
wendys,469,515,46,0.098081
wendys,280,296,16,0.057143
wendys,132,177,45,0.340909
wendys,942,989,47,0.049894
wendys,6,6,0,0.000000
wendys,659,664,5,0.007587
wendys,409,435,26,0.063570
wendys,621,639,18,0.028986
wendys,1723,1784,61,0.035403
wendys,351,393,42,0.119658
wendys,1446,1600,154,0.106501
wendys,36,77,41,1.138889
wendys,268,298,30,0.111940
wendys,436,477,41,0.094037
wendys,866,909,43,0.049654
wendys,1067,1124,57,0.053421
wendys,545,565,20,0.036697
wendys,798,837,39,0.048872
wendys,910,1003,93,0.102198
wendys,1285,1329,44,0.034241
wendys,101,106,5,0.049505
wendys,890,925,35,0.039326
wendys,954,1014,60,0.062893
wendys,1,1,0,0.000000
wendys,6,6,0,0.000000
wendys,1,1,0,0.000000
wendys,792,814,22,0.027778
wendys,503,527,24,0.047714
wendys,3,3,0,0.000000
wendys,641,679,38,0.059282
wendys,306,328,22,0.071895
wendys,320,342,22,0.068750
wendys,212,245,33,0.155660
wendys,627,668,41,0.065391
wendys,146,170,24,0.164384
wendys,321,377,56,0.174455
wendys,775,786,11,0.014194
wendys,879,909,30,0.034130
wendys,585,640,55,0.094017
wendys,5,15,10,2.000000
wendys,279,298,19,0.068100
wendys,486,524,38,0.078189
wendys,269,279,10,0.037175
wendys,180,195,15,0.083333
wendys,299,308,9,0.030100
wendys,492,518,26,0.052846
wendys,270,279,9,0.033333
wendys,192,208,16,0.083333
wendys,312,313,1,0.003205
wendys,375,379,4,0.010667
wendys,151,154,3,0.019868
wendys,240,247,7,0.029167
wendys,2,6,4,2.000000
wendys,2,2,0,0.000000
wendys,326,342,16,0.049080
wendys,271,288,17,0.062731
wendys,315,332,17,0.053968
wendys,74,74,0,0.000000
wendys,868,922,54,0.062212
wendys,1099,1098,-1,-0.000910
wendys,290,293,3,0.010345
wendys,1164,1199,35,0.030069
wendys,286,298,12,0.041958
wendys,1919,1988,69,0.035956
wendys,1318,1347,29,0.022003
wendys,1002,1018,16,0.015968
wendys,214,214,0,0.000000
wendys,1040,1120,80,0.076923
wendys,1841,1870,29,0.015752
wendys,714,741,27,0.037815
wendys,1580,1655,75,0.047468
wendys,949,1008,59,0.062171
wendys,1153,1184,31,0.026886
wendys,1008,1039,31,0.030754
wendys,990,1031,41,0.041414
wendys,746,816,70,0.093834
wendys,1828,1893,65,0.035558
wendys,1226,1261,35,0.028548
wendys,1230,1275,45,0.036585
wendys,766,793,27,0.035248
wendys,1007,1033,26,0.025819
wendys,9,41,32,3.555556
wendys,477,501,24,0.050314
wendys,156,155,-1,-0.006410
wendys,4043,4197,154,0.038091
wendys,888,944,56,0.063063
wendys,1187,1275,88,0.074136
wendys,836,877,41,0.049043
wendys,2196,2265,69,0.031421
wendys,1318,1365,47,0.035660
wendys,703,735,32,0.045519
wendys,906,937,31,0.034216
wendys,1634,1697,63,0.038556
wendys,511,514,3,0.005871
wendys,575,592,17,0.029565
wendys,529,544,15,0.028355
wendys,435,462,27,0.062069
wendys,660,684,24,0.036364
wendys,1328,1335,7,0.005271
wendys,828,854,26,0.031401
wendys,3,3,0,0.000000
wendys,862,910,48,0.055684
wendys,925,962,37,0.040000
wendys,945,1004,59,0.062434
wendys,614,639,25,0.040717
wendys,356,384,28,0.078652
wendys,1341,1390,49,0.036540
wendys,351,351,0,0.000000
wendys,287,313,26,0.090592
wendys,273,281,8,0.029304
wendys,1821,1882,61,0.033498
wendys,1229,1246,17,0.013832
wendys,220,224,4,0.018182
wendys,311,312,1,0.003215
wendys,936,961,25,0.026709
wendys,292,317,25,0.085616
wendys,568,613,45,0.079225
wendys,898,924,26,0.028953
wendys,7,7,0,0.000000
wendys,1043,1067,24,0.023011
wendys,6,6,0,0.000000
wendys,702,748,46,0.065527
wendys,1050,1080,30,0.028571
wendys,872,914,42,0.048165
wendys,2556,2598,42,0.016432
wendys,1020,1075,55,0.053922
wendys,861,890,29,0.033682
wendys,914,943,29,0.031729
wendys,1646,1700,54,0.032807
wendys,752,789,37,0.049202
wendys,530,553,23,0.043396
wendys,394,419,25,0.063452
wendys,401,408,7,0.017456
wendys,681,707,26,0.038179
wendys,335,386,51,0.152239
wendys,685,704,19,0.027737
wendys,8,8,0,0.000000
wendys,485,508,23,0.047423
wendys,1313,1390,77,0.058644
wendys,8,8,0,0.000000
wendys,462,529,67,0.145022
wendys,1110,1136,26,0.023423
wendys,507,529,22,0.043393
wendys,33,33,0,0.000000
wendys,464,506,42,0.090517
wendys,507,539,32,0.063116
wendys,472,506,34,0.072034
wendys,146,152,6,0.041096
wendys,125,140,15,0.120000
wendys,622,671,49,0.078778
wendys,166,167,1,0.006024
wendys,552,583,31,0.056159
wendys,88,88,0,0.000000
wendys,8,8,0,0.000000
wendys,302,354,52,0.172185
wendys,238,253,15,0.063025
wendys,1,1,0,0.000000
wendys,674,695,21,0.031157
wendys,13,13,0,0.000000
wendys,18,18,0,0.000000
wendys,674,706,32,0.047478
wendys,887,931,44,0.049605
wendys,1396,1480,84,0.060172
wendys,1871,1960,89,0.047568
wendys,670,704,34,0.050746
wendys,902,872,-30,-0.033259
wendys,1878,1952,74,0.039404
wendys,990,1035,45,0.045455
wendys,2195,2307,112,0.051025
wendys,302,325,23,0.076159
wendys,5775,6081,306,0.052987
wendys,543,593,50,0.092081
wendys,916,996,80,0.087336
wendys,1501,1560,59,0.039307
wendys,1799,1887,88,0.048916
wendys,835,874,39,0.046707
wendys,2633,2760,127,0.048234
wendys,1336,1422,86,0.064371
wendys,1041,1069,28,0.026897
wendys,905,927,22,0.024309
wendys,1103,1140,37,0.033545
wendys,1647,1701,54,0.032787
wendys,859,908,49,0.057043
wendys,1410,1494,84,0.059574
wendys,1264,1315,51,0.040348
wendys,739,753,14,0.018945
wendys,776,806,30,0.038660
wendys,2087,2229,142,0.068040
wendys,1736,1790,54,0.031106
wendys,1279,1370,91,0.071149
wendys,2093,2205,112,0.053512
wendys,1074,1161,87,0.081006
wendys,869,899,30,0.034522
wendys,792,808,16,0.020202
wendys,1,1,0,0.000000
wendys,5,5,0,0.000000
wendys,483,508,25,0.051760
wendys,273,295,22,0.080586
wendys,395,413,18,0.045570
wendys,472,477,5,0.010593
wendys,457,482,25,0.054705
wendys,315,319,4,0.012698
wendys,661,681,20,0.030257
wendys,413,416,3,0.007264
wendys,579,613,34,0.058722
wendys,2259,2347,88,0.038955
wendys,1108,1147,39,0.035199
wendys,584,605,21,0.035959
wendys,553,557,4,0.007233
wendys,421,421,0,0.000000
wendys,751,769,18,0.023968
wendys,3,3,0,0.000000
wendys,29,29,0,0.000000
wendys,345,369,24,0.069565
wendys,344,360,16,0.046512
wendys,1151,1177,26,0.022589
wendys,6,6,0,0.000000
wendys,2,2,0,0.000000
wendys,1243,1292,49,0.039421
wendys,634,684,50,0.078864
wendys,11,11,0,0.000000
wendys,733,741,8,0.010914
wendys,327,347,20,0.061162
wendys,1701,1754,53,0.031158
wendys,1039,1104,65,0.062560
wendys,800,851,51,0.063750
wendys,550,558,8,0.014545
wendys,440,465,25,0.056818
wendys,1149,1178,29,0.025239
wendys,1093,1134,41,0.037511
wendys,307,312,5,0.016287
wendys,1522,1550,28,0.018397
wendys,1084,1111,27,0.024908
wendys,325,328,3,0.009231
wendys,534,537,3,0.005618
wendys,1054,1061,7,0.006641
wendys,16,16,0,0.000000
wendys,1108,1139,31,0.027978
wendys,173,175,2,0.011561
wendys,372,384,12,0.032258
wendys,35,35,0,0.000000
wendys,838,839,1,0.001193
wendys,440,467,27,0.061364
wendys,1093,1115,22,0.020128
wendys,1585,1638,53,0.033438
wendys,488,488,0,0.000000
wendys,211,212,1,0.004739
wendys,31,31,0,0.000000
wendys,491,510,19,0.038697
wendys,1164,1225,61,0.052405
wendys,504,535,31,0.061508
wendys,74,76,2,0.027027
wendys,326,353,27,0.082822
wendys,552,568,16,0.028986
wendys,306,318,12,0.039216
wendys,249,263,14,0.056225
wendys,408,415,7,0.017157
wendys,630,669,39,0.061905
wendys,591,611,20,0.033841
wendys,561,574,13,0.023173
wendys,4081,4209,128,0.031365
wendys,689,815,126,0.182874
wendys,107,126,19,0.177570
wendys,558,584,26,0.046595
wendys,639,656,17,0.026604
wendys,642,703,61,0.095016
wendys,855,899,44,0.051462
wendys,558,586,28,0.050179
wendys,501,540,39,0.077844
wendys,976,1023,47,0.048156
wendys,1687,1712,25,0.014819
wendys,561,567,6,0.010695
wendys,170,170,0,0.000000
wendys,1096,1152,56,0.051095
wendys,625,661,36,0.057600
wendys,1066,1113,47,0.044090
wendys,213,265,52,0.244131
wendys,828,864,36,0.043478
wendys,7,7,0,0.000000
wendys,791,804,13,0.016435
wendys,1502,1586,84,0.055925
wendys,5,5,0,0.000000
wendys,464,464,0,0.000000
wendys,1027,1062,35,0.034080
wendys,181,230,49,0.270718
wendys,579,589,10,0.017271
wendys,730,776,46,0.063014
wendys,14,14,0,0.000000
wendys,2,2,0,0.000000
wendys,594,595,1,0.001684
wendys,812,835,23,0.028325
wendys,1076,1127,51,0.047398
wendys,202,206,4,0.019802
wendys,638,692,54,0.084639
wendys,896,919,23,0.025670
wendys,612,630,18,0.029412
wendys,1281,1339,58,0.045277
wendys,435,448,13,0.029885
wendys,1007,1043,36,0.035750
wendys,49,49,0,0.000000
wendys,704,736,32,0.045455
wendys,769,783,14,0.018205
wendys,587,631,44,0.074957
wendys,1,1,0,0.000000
wendys,1,1,0,0.000000
wendys,1088,1132,44,0.040441
wendys,33,33,0,0.000000
wendys,552,576,24,0.043478
wendys,3,3,0,0.000000
wendys,487,508,21,0.043121
wendys,944,1001,57,0.060381
wendys,1278,1329,51,0.039906
wendys,2789,2908,119,0.042668
wendys,61,61,0,0.000000
wendys,16,16,0,0.000000
wendys,472,563,91,0.192797
wendys,1286,1352,66,0.051322
wendys,1091,1154,63,0.057745
wendys,2248,2316,68,0.030249
wendys,1206,1252,46,0.038143
wendys,2019,2076,57,0.028232
wendys,1101,1191,90,0.081744
wendys,1005,1059,54,0.053731
wendys,1321,1371,50,0.037850
wendys,187,187,0,0.000000
wendys,12,12,0,0.000000
wendys,933,967,34,0.036442
wendys,1882,2001,119,0.063231
wendys,4,4,0,0.000000
wendys,807,813,6,0.007435
wendys,1224,1276,52,0.042484
wendys,15,15,0,0.000000
wendys,5,5,0,0.000000
wendys,4,4,0,0.000000
wendys,1,1,0,0.000000
wendys,6,6,0,0.000000
wendys,6,6,0,0.000000
wendys,3,3,0,0.000000
wendys,53,53,0,0.000000
wendys,1324,1396,72,0.054381
wendys,1023,1071,48,0.046921
wendys,1212,1216,4,0.003300
wendys,2605,2683,78,0.029942
wendys,1261,1297,36,0.028549
wendys,2448,2504,56,0.022876
wendys,1140,1157,17,0.014912
wendys,1080,1112,32,0.029630
wendys,1283,1365,82,0.063913
wendys,1874,1938,64,0.034152
wendys,3191,3336,145,0.045440
wendys,1114,1163,49,0.043986
wendys,1519,1563,44,0.028966
wendys,1252,1311,59,0.047125
wendys,974,1017,43,0.044148
wendys,42,42,0,0.000000
wendys,1191,1230,39,0.032746
wendys,1843,1970,127,0.068909
wendys,1449,1510,61,0.042098
wendys,636,676,40,0.062893
wendys,247,249,2,0.008097
wendys,2172,2242,70,0.032228
wendys,2197,2314,117,0.053254
wendys,110,203,93,0.845455
wendys,27,27,0,0.000000
wendys,1111,1138,27,0.024302
wendys,135,136,1,0.007407
wendys,1404,1502,98,0.069801
wendys,1164,1232,68,0.058419
wendys,798,812,14,0.017544
wendys,520,541,21,0.040385
wendys,245,281,36,0.146939
wendys,347,363,16,0.046110
wendys,840,864,24,0.028571
wendys,558,579,21,0.037634
wendys,1013,1054,41,0.040474
wendys,1068,1100,32,0.029963
wendys,1599,1648,49,0.030644
wendys,1684,1764,80,0.047506
wendys,354,354,0,0.000000
wendys,1374,1389,15,0.010917
wendys,1250,1264,14,0.011200
wendys,695,702,7,0.010072
wendys,7,7,0,0.000000
wendys,16,16,0,0.000000
wendys,2,2,0,0.000000
wendys,582,601,19,0.032646
wendys,647,666,19,0.029366
wendys,1076,1123,47,0.043680
wendys,409,417,8,0.019560
wendys,746,746,0,0.000000
wendys,413,431,18,0.043584
wendys,1935,1996,61,0.031525
wendys,1659,1699,40,0.024111
wendys,1545,1591,46,0.029773
wendys,1741,1767,26,0.014934
wendys,2315,2343,28,0.012095
wendys,1264,1297,33,0.026108
wendys,1051,1070,19,0.018078
wendys,1984,2019,35,0.017641
wendys,1,1,0,0.000000
wendys,1146,1172,26,0.022688
wendys,817,839,22,0.026928
wendys,1121,1150,29,0.025870
wendys,1,1,0,0.000000
wendys,637,644,7,0.010989
wendys,1114,1145,31,0.027828
wendys,540,550,10,0.018519
wendys,362,365,3,0.008287
wendys,1234,1313,79,0.064019
wendys,391,414,23,0.058824
wendys,1,1,0,0.000000
wendys,1055,1080,25,0.023697
wendys,879,896,17,0.019340
wendys,554,586,32,0.057762
wendys,943,971,28,0.029692
wendys,1156,1179,23,0.019896
wendys,643,672,29,0.045101
wendys,463,495,32,0.069114
wendys,1068,1098,30,0.028090
wendys,1387,1418,31,0.022350
wendys,604,616,12,0.019868
wendys,635,654,19,0.029921
wendys,265,265,0,0.000000
wendys,1205,1244,39,0.032365
wendys,14,14,0,0.000000
wendys,1199,1233,34,0.028357
wendys,13,13,0,0.000000
wendys,11,14,3,0.272727
wendys,6,6,0,0.000000
wendys,1,1,0,0.000000
wendys,503,555,52,0.103380
wendys,254,255,1,0.003937
wendys,307,314,7,0.022801
wendys,990,1029,39,0.039394
wendys,285,289,4,0.014035
wendys,290,298,8,0.027586
wendys,13,13,0,0.000000
wendys,446,462,16,0.035874
wendys,435,471,36,0.082759
wendys,445,447,2,0.004494
wendys,326,358,32,0.098160
wendys,12,12,0,0.000000
wendys,405,412,7,0.017284
wendys,4,6,2,0.500000
wendys,225,228,3,0.013333
wendys,22,22,0,0.000000
wendys,257,261,4,0.015564
wendys,2,2,0,0.000000
wendys,1080,1197,117,0.108333
wendys,591,594,3,0.005076
wendys,1933,2027,94,0.048629
wendys,1736,1782,46,0.026498
wendys,924,953,29,0.031385
wendys,910,955,45,0.049451
wendys,1125,1189,64,0.056889
wendys,1266,1339,73,0.057662
wendys,278,291,13,0.046763
wendys,140,151,11,0.078571
wendys,287,291,4,0.013937
wendys,1822,1884,62,0.034029
wendys,1104,1137,33,0.029891
wendys,759,848,89,0.117260
wendys,1073,1122,49,0.045666
wendys,1298,1359,61,0.046995
wendys,2044,2124,80,0.039139
wendys,1,1,0,0.000000
wendys,501,539,38,0.075848
wendys,296,301,5,0.016892
wendys,233,234,1,0.004292
wendys,1061,1100,39,0.036758
wendys,468,505,37,0.079060
wendys,4,4,0,0.000000
wendys,673,696,23,0.034175
wendys,1171,1223,52,0.044406
wendys,4,4,0,0.000000
wendys,661,688,27,0.040847
wendys,921,949,28,0.030402
wendys,915,960,45,0.049180
wendys,473,495,22,0.046512
wendys,513,543,30,0.058480
wendys,1730,1786,56,0.032370
wendys,1267,1302,35,0.027624
wendys,632,713,81,0.128165
wendys,737,768,31,0.042062
wendys,1395,1456,61,0.043728
wendys,11,11,0,0.000000
wendys,2673,2731,58,0.021698
wendys,871,905,34,0.039036
wendys,1,1,0,0.000000
wendys,2,2,0,0.000000
wendys,118,125,7,0.059322
wendys,745,781,36,0.048322
wendys,203,216,13,0.064039
wendys,593,627,34,0.057336
wendys,873,907,34,0.038946
wendys,9,9,0,0.000000
wendys,1118,1144,26,0.023256
wendys,826,859,33,0.039952
wendys,761,806,45,0.059133
wendys,656,684,28,0.042683
wendys,123,179,56,0.455285
wendys,856,894,38,0.044393
wendys,2046,2146,100,0.048876
wendys,12,12,0,0.000000
wendys,1064,1119,55,0.051692
wendys,752,789,37,0.049202
wendys,8,8,0,0.000000
wendys,616,632,16,0.025974
wendys,514,518,4,0.007782
wendys,625,657,32,0.051200
wendys,356,366,10,0.028090
wendys,895,942,47,0.052514
wendys,712,743,31,0.043539
wendys,282,293,11,0.039007
wendys,886,958,72,0.081264
wendys,967,1014,47,0.048604
wendys,600,633,33,0.055000
wendys,706,751,45,0.063739
wendys,910,946,36,0.039560
wendys,443,454,11,0.024831
wendys,1562,1652,90,0.057618
wendys,229,241,12,0.052402
wendys,1033,1048,15,0.014521
wendys,19,19,0,0.000000
wendys,1684,1734,50,0.029691
wendys,573,608,35,0.061082
wendys,485,506,21,0.043299
wendys,279,307,28,0.100358
wendys,368,388,20,0.054348
wendys,951,1018,67,0.070452
wendys,4,20,16,4.000000
wendys,234,251,17,0.072650
wendys,2,2,0,0.000000
wendys,1854,1911,57,0.030744
wendys,1027,1058,31,0.030185
wendys,2669,2749,80,0.029974
wendys,1293,1326,33,0.025522
wendys,980,1007,27,0.027551
wendys,1077,1127,50,0.046425
wendys,907,933,26,0.028666
wendys,1367,1449,82,0.059985
wendys,1350,1404,54,0.040000
wendys,1967,2027,60,0.030503
wendys,1471,1504,33,0.022434
wendys,1296,1339,43,0.033179
wendys,1037,1072,35,0.033751
wendys,850,882,32,0.037647
wendys,1760,1831,71,0.040341
wendys,1232,1286,54,0.043831
wendys,1703,1761,58,0.034058
wendys,1346,1386,40,0.029718
wendys,2037,2137,100,0.049092
wendys,388,408,20,0.051546
wendys,1308,1376,68,0.051988
wendys,2030,2111,81,0.039901
wendys,972,1000,28,0.028807
wendys,1384,1440,56,0.040462
wendys,1073,1101,28,0.026095
wendys,815,835,20,0.024540
wendys,10,10,0,0.000000
wendys,892,905,13,0.014574
wendys,1304,1338,34,0.026074
wendys,1675,1729,54,0.032239
wendys,10,10,0,0.000000
wendys,753,788,35,0.046481
wendys,808,833,25,0.030941
wendys,567,592,25,0.044092
wendys,6,6,0,0.000000
wendys,389,407,18,0.046272
wendys,115,117,2,0.017391
wendys,298,317,19,0.063758
wendys,381,397,16,0.041995
wendys,106,108,2,0.018868
wendys,288,301,13,0.045139
wendys,3,3,0,0.000000
wendys,986,995,9,0.009128
wendys,1051,1084,33,0.031399
wendys,611,617,6,0.009820
wendys,779,786,7,0.008986
wendys,928,967,39,0.042026
wendys,797,822,25,0.031368
wendys,1,1,0,0.000000
wendys,844,875,31,0.036730
wendys,323,346,23,0.071207
wendys,531,552,21,0.039548
wendys,1049,1096,47,0.044805
wendys,67,108,41,0.611940
wendys,158,158,0,0.000000
wendys,552,569,17,0.030797
wendys,5,5,0,0.000000
wendys,241,250,9,0.037344
wendys,1097,1151,54,0.049225
wendys,483,504,21,0.043478
wendys,780,806,26,0.033333
wendys,779,818,39,0.050064
wendys,856,891,35,0.040888
wendys,1,1,0,0.000000
wendys,1561,1598,37,0.023703
wendys,1106,1135,29,0.026221
wendys,1347,1412,65,0.048255
wendys,1635,1671,36,0.022018
wendys,236,237,1,0.004237
wendys,841,862,21,0.024970
wendys,284,301,17,0.059859
wendys,2007,2099,92,0.045840
wendys,265,268,3,0.011321
wendys,213,216,3,0.014085
wendys,317,338,21,0.066246
wendys,716,760,44,0.061453
wendys,231,247,16,0.069264
wendys,2746,2848,102,0.037145
wendys,399,430,31,0.077694
wendys,328,336,8,0.024390
wendys,251,277,26,0.103586
wendys,918,1017,99,0.107843
wendys,3,5,2,0.666667
wendys,127,140,13,0.102362
wendys,485,485,0,0.000000
wendys,269,273,4,0.014870
wendys,574,587,13,0.022648
wendys,457,460,3,0.006565
wendys,133,155,22,0.165414
wendys,135,137,2,0.014815
wendys,253,260,7,0.027668
wendys,378,378,0,0.000000
wendys,115,115,0,0.000000
wendys,2176,2282,106,0.048713
wendys,10,10,0,0.000000
wendys,140,143,3,0.021429
jamba,46,50,4,0.086957
jamba,47,53,6,0.127660
jamba,2502,2523,21,0.008393
jamba,3805,3836,31,0.008147
jamba,3278,3393,115,0.035082
jamba,1769,1787,18,0.010175
jamba,4325,4453,128,0.029595
jamba,2138,2162,24,0.011225
jamba,1292,1287,-5,-0.003870
jamba,2386,2413,27,0.011316
jamba,846,887,41,0.048463
jamba,3027,3068,41,0.013545
jamba,2402,2443,41,0.017069
jamba,1085,1122,37,0.034101
jamba,1354,1397,43,0.031758
jamba,1184,1238,54,0.045608
jamba,1465,1510,45,0.030717
jamba,548,550,2,0.003650
jamba,2270,2335,65,0.028634
jamba,2469,2485,16,0.006480
jamba,3422,3470,48,0.014027
jamba,2956,3001,45,0.015223
jamba,1480,1512,32,0.021622
jamba,2199,2224,25,0.011369
jamba,3413,3467,54,0.015822
jamba,1095,1102,7,0.006393
jamba,1660,1700,40,0.024096
jamba,195,196,1,0.005128
jamba,1711,1724,13,0.007598
jamba,1184,1191,7,0.005912
jamba,26,31,5,0.192308
jamba,45,46,1,0.022222
jamba,2797,2859,62,0.022167
jamba,2190,2219,29,0.013242
jamba,88,152,64,0.727273
jamba,2777,2874,97,0.034930
jamba,1913,1940,27,0.014114
jamba,1286,1298,12,0.009331
jamba,2978,3042,64,0.021491
jamba,1409,1454,45,0.031938
jamba,1012,1027,15,0.014822
jamba,950,972,22,0.023158
jamba,741,747,6,0.008097
jamba,5,5,0,0.000000
jamba,1591,1612,21,0.013199
jamba,19,23,4,0.210526
jamba,26,26,0,0.000000
jamba,12,12,0,0.000000
jamba,12,12,0,0.000000
jamba,131,150,19,0.145038
jamba,12,12,0,0.000000
jamba,2,2,0,0.000000
jamba,3,3,0,0.000000
jamba,1513,1557,44,0.029081
jamba,494,500,6,0.012146
jamba,251,251,0,0.000000
jamba,1018,1019,1,0.000982
jamba,262,270,8,0.030534
jamba,1221,1230,9,0.007371
jamba,868,888,20,0.023041
jamba,805,824,19,0.023602
jamba,233,233,0,0.000000
jamba,1,1,0,0.000000
jamba,42,42,0,0.000000
jamba,1046,1051,5,0.004780
jamba,2720,2754,34,0.012500
jamba,158,167,9,0.056962
jamba,720,732,12,0.016667
jamba,191,205,14,0.073298
jamba,2,2,0,0.000000
jamba,12,12,0,0.000000
jamba,606,620,14,0.023102
jamba,1418,1439,21,0.014810
jamba,1561,1609,48,0.030750
jamba,742,766,24,0.032345
jamba,1902,1982,80,0.042061
jamba,207,216,9,0.043478
jamba,755,782,27,0.035762
jamba,1725,1762,37,0.021449
jamba,1409,1419,10,0.007097
jamba,461,475,14,0.030369
jamba,736,744,8,0.010870
jamba,44,44,0,0.000000
jamba,581,602,21,0.036145
jamba,1017,1033,16,0.015733
jamba,671,673,2,0.002981
jamba,8,17,9,1.125000
jamba,779,806,27,0.034660
jamba,690,699,9,0.013043
jamba,1,1,0,0.000000
jamba,2420,2468,48,0.019835
jamba,2210,2251,41,0.018552
jamba,260,281,21,0.080769
jamba,1215,1237,22,0.018107
jamba,88,92,4,0.045455
jamba,1861,1894,33,0.017732
jamba,45,52,7,0.155556
jamba,3,3,0,0.000000
jamba,4,4,0,0.000000
jamba,5,5,0,0.000000
jamba,2,2,0,0.000000
jamba,7,16,9,1.285714
jamba,1,1,0,0.000000
jamba,26,26,0,0.000000
jamba,9,9,0,0.000000
jamba,194,194,0,0.000000
jamba,1721,1768,47,0.027310
jamba,773,816,43,0.055627
jamba,9,13,4,0.444444
jamba,3,4,1,0.333333
jamba,303,304,1,0.003300
jamba,11,31,20,1.818182
jamba,361,365,4,0.011080
jamba,2,2,0,0.000000
jamba,33,33,0,0.000000
jamba,576,584,8,0.013889
jamba,401,406,5,0.012469
jamba,649,658,9,0.013867
jamba,566,581,15,0.026502
jamba,754,794,40,0.053050
jamba,672,701,29,0.043155
jamba,2681,2741,60,0.022380
jamba,1575,1584,9,0.005714
jamba,1879,1902,23,0.012241
jamba,2832,2856,24,0.008475
jamba,2445,2463,18,0.007362
jamba,341,341,0,0.000000
jamba,179,203,24,0.134078
jamba,3,3,0,0.000000
jamba,21866,22389,523,0.023918
jamba,686,687,1,0.001458
jamba,938,963,25,0.026652
jamba,9,9,0,0.000000
starbucks,21944,22424,480,0.021874
starbucks,3974,4214,240,0.060393
starbucks,33,40,7,0.212121
starbucks,79,79,0,0.000000
starbucks,21,21,0,0.000000
starbucks,131,131,0,0.000000
starbucks,1041,1123,82,0.078770
starbucks,6,6,0,0.000000
starbucks,2812,2922,110,0.039118
starbucks,2916,3087,171,0.058642
starbucks,2077,2147,70,0.033702
starbucks,809,845,36,0.044499
starbucks,1148,1169,21,0.018293
starbucks,869,883,14,0.016110
starbucks,738,745,7,0.009485
starbucks,120,185,65,0.541667
starbucks,213,215,2,0.009390
starbucks,196,200,4,0.020408
starbucks,664,664,0,0.000000
starbucks,22,22,0,0.000000
starbucks,8,8,0,0.000000
starbucks,13,13,0,0.000000
starbucks,5,9,4,0.800000
starbucks,80,85,5,0.062500
starbucks,13,13,0,0.000000
starbucks,2296,2617,321,0.139808
starbucks,12,13,1,0.083333
starbucks,38,38,0,0.000000
starbucks,10,11,1,0.100000
starbucks,5,5,0,0.000000
starbucks,44,44,0,0.000000
starbucks,27023,27552,529,0.019576
starbucks,3247,3813,566,0.174315
starbucks,6356,6691,335,0.052706
starbucks,8934,9026,92,0.010298
starbucks,2187,2237,50,0.022862
starbucks,13,15,2,0.153846
starbucks,1375,1466,91,0.066182
starbucks,3,3,0,0.000000
starbucks,6464,6587,123,0.019028
starbucks,207,208,1,0.004831
starbucks,13,15,2,0.153846
starbucks,27,27,0,0.000000
starbucks,3,3,0,0.000000
starbucks,3051,3254,203,0.066536
starbucks,4913,5039,126,0.025646
starbucks,5716,5888,172,0.030091
starbucks,397,404,7,0.017632
starbucks,2388,2431,43,0.018007
starbucks,62,65,3,0.048387
starbucks,1886,2007,121,0.064157
starbucks,320,326,6,0.018750
starbucks,4,4,0,0.000000
starbucks,671,681,10,0.014903
starbucks,340,343,3,0.008824
starbucks,2798,2965,167,0.059685
starbucks,3,3,0,0.000000
starbucks,822,837,15,0.018248
starbucks,623,693,70,0.112360
starbucks,5,5,0,0.000000
starbucks,155,188,33,0.212903
starbucks,8285,8506,221,0.026675
starbucks,3658,4002,344,0.094040
starbucks,6434,6659,225,0.034970
starbucks,4397,4504,107,0.024335
starbucks,14138,14520,382,0.027019
starbucks,861,866,5,0.005807
starbucks,10047,10236,189,0.018812
starbucks,9038,9182,144,0.015933
starbucks,305,389,84,0.275410
starbucks,2425,2595,170,0.070103
starbucks,10948,11119,171,0.015619
starbucks,2024,2028,4,0.001976
starbucks,8895,9101,206,0.023159
starbucks,498,499,1,0.002008
starbucks,2316,2320,4,0.001727
starbucks,478,530,52,0.108787
starbucks,4919,4944,25,0.005082
starbucks,678,799,121,0.178466
starbucks,1322,1432,110,0.083207
starbucks,11,11,0,0.000000
starbucks,20,21,1,0.050000
starbucks,2344,2721,377,0.160836
starbucks,49,50,1,0.020408
starbucks,9,9,0,0.000000
starbucks,1133,1140,7,0.006178
starbucks,8,8,0,0.000000
starbucks,11,11,0,0.000000
starbucks,4,8,4,1.000000
starbucks,57,57,0,0.000000
starbucks,805,921,116,0.144099
starbucks,1037,1116,79,0.076181
starbucks,584,652,68,0.116438
starbucks,323,324,1,0.003096
starbucks,4047,4194,147,0.036323
starbucks,5530,5588,58,0.010488
starbucks,1153,1385,232,0.201214
starbucks,396,396,0,0.000000
starbucks,5,5,0,0.000000
starbucks,3324,3432,108,0.032491
starbucks,1,2,1,1.000000
starbucks,10,10,0,0.000000
starbucks,1656,1712,56,0.033816
starbucks,22,22,0,0.000000
starbucks,1790,1846,56,0.031285
starbucks,5,6,1,0.200000
starbucks,1534,1537,3,0.001956
starbucks,3,7,4,1.333333
starbucks,561,604,43,0.076649
starbucks,575,575,0,0.000000
starbucks,6753,6948,195,0.028876
starbucks,423,427,4,0.009456
starbucks,936,1053,117,0.125000
starbucks,5228,5335,107,0.020467
starbucks,3369,3444,75,0.022262
starbucks,20786,21722,936,0.045030
starbucks,26440,27537,1097,0.041490
starbucks,8056,8317,261,0.032398
starbucks,6665,6806,141,0.021155
starbucks,4213,4348,135,0.032044
starbucks,11516,11862,346,0.030045
starbucks,13288,13717,429,0.032285
starbucks,12073,12798,725,0.060051
starbucks,9116,9306,190,0.020842
starbucks,9300,9612,312,0.033548
starbucks,2079,2748,669,0.321789
starbucks,8367,8523,156,0.018645
starbucks,3067,3452,385,0.125530
starbucks,5434,5818,384,0.070666
starbucks,6114,6419,305,0.049886
starbucks,7610,7806,196,0.025756
starbucks,5160,5250,90,0.017442
starbucks,7872,8106,234,0.029726
starbucks,5088,5192,104,0.020440
starbucks,7474,7685,211,0.028231
starbucks,9716,9889,173,0.017806
starbucks,3912,4009,97,0.024796
starbucks,5357,5598,241,0.044988
starbucks,4286,4434,148,0.034531
starbucks,7499,7734,235,0.031338
starbucks,3894,4148,254,0.065229
starbucks,4945,5169,224,0.045298
starbucks,5538,5755,217,0.039184
starbucks,4723,4946,223,0.047216
starbucks,5255,5421,166,0.031589
starbucks,4943,4975,32,0.006474
starbucks,4552,4677,125,0.027460
starbucks,144,146,2,0.013889
starbucks,11,15,4,0.363636
starbucks,10,11,1,0.100000
starbucks,44,44,0,0.000000
starbucks,709,762,53,0.074753
starbucks,8267,8535,268,0.032418
starbucks,1619,1809,190,0.117356
starbucks,9481,9756,275,0.029005
starbucks,20104,20764,660,0.032829
starbucks,12994,13363,369,0.028398
starbucks,8937,9292,355,0.039723
starbucks,11600,11959,359,0.030948
starbucks,6686,6926,240,0.035896
starbucks,7892,7998,106,0.013431
starbucks,3376,3489,113,0.033472
starbucks,419,422,3,0.007160
starbucks,8104,8286,182,0.022458
starbucks,8955,9240,285,0.031826
starbucks,7737,8030,293,0.037870
starbucks,12340,12758,418,0.033874
starbucks,18840,19326,486,0.025796
starbucks,11185,11385,200,0.017881
starbucks,12233,12687,454,0.037113
starbucks,9322,9722,400,0.042909
starbucks,11961,12431,470,0.039294
starbucks,14280,14657,377,0.026401
starbucks,6745,6914,169,0.025056
starbucks,9684,10055,371,0.038311
starbucks,11416,11802,386,0.033812
starbucks,10659,10899,240,0.022516
starbucks,1547,1555,8,0.005171
starbucks,6343,6540,197,0.031058
starbucks,8707,8969,262,0.030091
starbucks,6866,7054,188,0.027381
starbucks,4947,5335,388,0.078431
starbucks,5314,5475,161,0.030297
starbucks,3255,3347,92,0.028264
starbucks,2892,3127,235,0.081259
starbucks,10620,10819,199,0.018738
starbucks,1853,1857,4,0.002159
starbucks,90,96,6,0.066667
starbucks,45,45,0,0.000000
starbucks,380,644,264,0.694737
starbucks,505,506,1,0.001980
starbucks,111,113,2,0.018018
starbucks,958,958,0,0.000000
starbucks,9,12,3,0.333333
starbucks,29,29,0,0.000000
starbucks,81,99,18,0.222222
starbucks,147,148,1,0.006803
starbucks,327,321,-6,-0.018349
starbucks,7492,7600,108,0.014415
starbucks,7,7,0,0.000000
starbucks,4954,5009,55,0.011102
starbucks,206,210,4,0.019417
starbucks,11,12,1,0.090909
starbucks,82,82,0,0.000000
starbucks,220,220,0,0.000000
starbucks,70,84,14,0.200000
starbucks,52,53,1,0.019231
starbucks,1479,1546,67,0.045301
starbucks,8,8,0,0.000000
starbucks,3871,3988,117,0.030225
starbucks,3636,3755,119,0.032728
starbucks,2730,2855,125,0.045788
starbucks,2588,2677,89,0.034389
starbucks,2516,2677,161,0.063990
starbucks,1504,1526,22,0.014628
starbucks,4857,4978,121,0.024912
starbucks,883,1086,203,0.229898
starbucks,692,696,4,0.005780
starbucks,1425,1476,51,0.035789
starbucks,221,222,1,0.004525
starbucks,22,23,1,0.045455
starbucks,9,11,2,0.222222
starbucks,7,17,10,1.428571
starbucks,57,57,0,0.000000
starbucks,83,307,224,2.698795
starbucks,66,66,0,0.000000
starbucks,257,258,1,0.003891
starbucks,57,57,0,0.000000
starbucks,27,28,1,0.037037
starbucks,4176,4462,286,0.068487
starbucks,13689,14080,391,0.028563
starbucks,3747,3936,189,0.050440
starbucks,4201,4555,354,0.084266
starbucks,3387,3455,68,0.020077
starbucks,2712,2806,94,0.034661
starbucks,2460,2559,99,0.040244
starbucks,3609,3738,129,0.035744
starbucks,4112,4214,102,0.024805
starbucks,3501,3560,59,0.016852
starbucks,2648,2724,76,0.028701
starbucks,3409,3468,59,0.017307
starbucks,2011,2066,55,0.027350
starbucks,2561,2650,89,0.034752
starbucks,2675,2731,56,0.020935
starbucks,578,690,112,0.193772
starbucks,4547,4623,76,0.016714
starbucks,2247,2318,71,0.031598
starbucks,2100,2129,29,0.013810
starbucks,9,9,0,0.000000
starbucks,2314,2323,9,0.003889
starbucks,2888,2903,15,0.005194
starbucks,539,642,103,0.191095
starbucks,40,40,0,0.000000
starbucks,33,90,57,1.727273
starbucks,879,1038,159,0.180887
starbucks,380,386,6,0.015789
starbucks,38,38,0,0.000000
starbucks,329,420,91,0.276596
starbucks,156,225,69,0.442308
starbucks,9687,10141,454,0.046867
starbucks,10366,10681,315,0.030388
starbucks,4953,5166,213,0.043004
starbucks,32,32,0,0.000000
starbucks,1546,1595,49,0.031695
starbucks,1141,1155,14,0.012270
starbucks,4,4,0,0.000000
starbucks,826,834,8,0.009685
starbucks,671,673,2,0.002981
starbucks,191,194,3,0.015707
starbucks,263,266,3,0.011407
starbucks,27,98,71,2.629630
starbucks,454,455,1,0.002203
starbucks,28,28,0,0.000000
starbucks,5,6,1,0.200000
starbucks,45,54,9,0.200000
starbucks,7210,7389,179,0.024827
starbucks,2689,2750,61,0.022685
starbucks,3112,3194,82,0.026350
starbucks,4957,5166,209,0.042163
starbucks,6214,6420,206,0.033151
starbucks,4248,4337,89,0.020951
starbucks,3541,3624,83,0.023440
starbucks,3784,3878,94,0.024841
starbucks,2348,2436,88,0.037479
starbucks,387,481,94,0.242894
starbucks,2478,2555,77,0.031073
starbucks,2711,2813,102,0.037624
starbucks,3768,3840,72,0.019108
starbucks,1733,1772,39,0.022504
starbucks,2635,2702,67,0.025427
starbucks,2380,2465,85,0.035714
starbucks,1467,1552,85,0.057941
starbucks,2383,2402,19,0.007973
starbucks,3184,3297,113,0.035490
starbucks,1564,1591,27,0.017263
starbucks,1053,1113,60,0.056980
starbucks,2463,2597,134,0.054405
starbucks,30,30,0,0.000000
starbucks,833,833,0,0.000000
starbucks,1,35,34,34.000000
starbucks,604,694,90,0.149007
starbucks,1286,1405,119,0.092535
starbucks,2211,2276,65,0.029398
starbucks,404,404,0,0.000000
starbucks,175,245,70,0.400000
starbucks,3,3,0,0.000000
starbucks,5553,5747,194,0.034936
starbucks,83,88,5,0.060241
starbucks,3830,3955,125,0.032637
starbucks,6736,6927,191,0.028355
starbucks,1574,1659,85,0.054003
starbucks,6814,6939,125,0.018345
starbucks,480,509,29,0.060417
starbucks,1991,2033,42,0.021095
starbucks,4049,4141,92,0.022722
starbucks,128,128,0,0.000000
starbucks,9,13,4,0.444444
starbucks,15,15,0,0.000000
starbucks,10,10,0,0.000000
starbucks,5,5,0,0.000000
starbucks,37,37,0,0.000000
starbucks,34,34,0,0.000000
starbucks,405,407,2,0.004938
starbucks,189,199,10,0.052910
starbucks,7,7,0,0.000000
starbucks,251,306,55,0.219124
starbucks,49,49,0,0.000000
starbucks,7937,8066,129,0.016253
starbucks,650,651,1,0.001538
starbucks,10393,10671,278,0.026749
starbucks,7185,7370,185,0.025748
starbucks,7648,7924,276,0.036088
starbucks,8515,8872,357,0.041926
starbucks,3848,3955,107,0.027807
starbucks,7676,7853,177,0.023059
starbucks,5166,5227,61,0.011808
starbucks,2030,2097,67,0.033005
starbucks,1131,1176,45,0.039788
starbucks,802,861,59,0.073566
starbucks,792,800,8,0.010101
starbucks,20,20,0,0.000000
starbucks,413,476,63,0.152542
starbucks,2948,3108,160,0.054274
starbucks,708,713,5,0.007062
starbucks,78,78,0,0.000000
starbucks,2,13,11,5.500000
starbucks,732,775,43,0.058743
starbucks,2,2,0,0.000000
starbucks,1,2,1,1.000000
starbucks,12,12,0,0.000000
starbucks,4,4,0,0.000000
starbucks,28,32,4,0.142857
starbucks,240,241,1,0.004167
starbucks,125,127,2,0.016000
starbucks,107,112,5,0.046729
starbucks,7465,7654,189,0.025318
starbucks,99,102,3,0.030303
starbucks,2124,2135,11,0.005179
starbucks,113,115,2,0.017699
starbucks,290,291,1,0.003448
starbucks,3,4,1,0.333333
starbucks,630,639,9,0.014286
starbucks,364,372,8,0.021978
starbucks,61,61,0,0.000000
starbucks,533,541,8,0.015009
starbucks,2,2,0,0.000000
starbucks,21,21,0,0.000000
starbucks,8,15,7,0.875000
starbucks,8370,8564,194,0.023178
starbucks,9679,9883,204,0.021077
starbucks,9972,10344,372,0.037304
starbucks,19710,20175,465,0.023592
starbucks,13875,14360,485,0.034955
starbucks,11307,11545,238,0.021049
starbucks,8734,8960,226,0.025876
starbucks,6569,6768,199,0.030294
starbucks,11968,12215,247,0.020638
starbucks,9139,9428,289,0.031623
starbucks,5042,5142,100,0.019833
starbucks,1831,1946,115,0.062807
starbucks,14249,15071,822,0.057688
starbucks,3910,4044,134,0.034271
starbucks,9205,9352,147,0.015970
starbucks,562,563,1,0.001779
starbucks,10612,10844,232,0.021862
starbucks,10278,10352,74,0.007200
starbucks,4733,4832,99,0.020917
starbucks,6824,6981,157,0.023007
starbucks,1800,1928,128,0.071111
starbucks,6564,6661,97,0.014778
starbucks,2576,2713,137,0.053183
starbucks,9814,9973,159,0.016201
starbucks,2338,2781,443,0.189478
starbucks,3130,3239,109,0.034824
starbucks,1988,2097,109,0.054829
starbucks,9254,9375,121,0.013075
starbucks,7690,7861,171,0.022237
starbucks,5203,5380,177,0.034019
starbucks,972,1146,174,0.179012
starbucks,10313,10555,242,0.023466
starbucks,11054,11250,196,0.017731
starbucks,3322,3513,191,0.057495
starbucks,3001,3070,69,0.022992
starbucks,897,919,22,0.024526
starbucks,1737,1759,22,0.012666
starbucks,2379,2391,12,0.005044
starbucks,376,382,6,0.015957
starbucks,117,118,1,0.008547
starbucks,6089,6205,116,0.019051
starbucks,4,4,0,0.000000
starbucks,283,284,1,0.003534
starbucks,18,18,0,0.000000
starbucks,75,76,1,0.013333
starbucks,12223,12640,417,0.034116
starbucks,3230,3463,233,0.072136
starbucks,5725,5868,143,0.024978
starbucks,1325,1378,53,0.040000
starbucks,1676,1709,33,0.019690
starbucks,26,26,0,0.000000
starbucks,18,18,0,0.000000
starbucks,6,6,0,0.000000
starbucks,3898,4012,114,0.029246
starbucks,349,349,0,0.000000
starbucks,793,794,1,0.001261
starbucks,744,837,93,0.125000
starbucks,6396,6509,113,0.017667
starbucks,11,12,1,0.090909
starbucks,12,12,0,0.000000
starbucks,255,337,82,0.321569
starbucks,8,8,0,0.000000
starbucks,15,28,13,0.866667
starbucks,696,700,4,0.005747
starbucks,4260,4443,183,0.042958
starbucks,4270,4466,196,0.045902
starbucks,2772,2926,154,0.055556
starbucks,2805,2878,73,0.026025
starbucks,29,29,0,0.000000
starbucks,54,54,0,0.000000
starbucks,24,24,0,0.000000
starbucks,47,47,0,0.000000
starbucks,81,82,1,0.012346
starbucks,1,4,3,3.000000
starbucks,5511,5690,179,0.032480
starbucks,50,64,14,0.280000
starbucks,64,64,0,0.000000
starbucks,811,846,35,0.043157
starbucks,10,10,0,0.000000
starbucks,448,458,10,0.022321
starbucks,585,634,49,0.083761
starbucks,664,666,2,0.003012
starbucks,13,13,0,0.000000
starbucks,52,52,0,0.000000
starbucks,36,36,0,0.000000
starbucks,4,5,1,0.250000
starbucks,6151,6307,156,0.025362
starbucks,6723,6873,150,0.022311
starbucks,6488,6602,114,0.017571
starbucks,6175,6355,180,0.029150
starbucks,951,958,7,0.007361
starbucks,714,716,2,0.002801
starbucks,2220,2235,15,0.006757
starbucks,1724,1725,1,0.000580
starbucks,804,806,2,0.002488
starbucks,1263,1260,-3,-0.002375
starbucks,477,478,1,0.002096
starbucks,1067,1089,22,0.020619
starbucks,621,615,-6,-0.009662
starbucks,513,513,0,0.000000
starbucks,47,114,67,1.425532
starbucks,4,4,0,0.000000
starbucks,1142,1148,6,0.005254
starbucks,590,590,0,0.000000
starbucks,261,267,6,0.022989
starbucks,229,231,2,0.008734
starbucks,171,171,0,0.000000
starbucks,300,300,0,0.000000
starbucks,68,68,0,0.000000
starbucks,6,8,2,0.333333
starbucks,4,7,3,0.750000
starbucks,125,126,1,0.008000
starbucks,438,438,0,0.000000
starbucks,38,38,0,0.000000
starbucks,13,13,0,0.000000
starbucks,607,608,1,0.001647
starbucks,2092,2107,15,0.007170
starbucks,7693,8062,369,0.047966
starbucks,6537,6775,238,0.036408
starbucks,6649,6757,108,0.016243
starbucks,3134,3194,60,0.019145
starbucks,4,4,0,0.000000
starbucks,253,362,109,0.430830
starbucks,225,386,161,0.715556
starbucks,119,176,57,0.478992
starbucks,3,3,0,0.000000
starbucks,51,51,0,0.000000
starbucks,8,18,10,1.250000
starbucks,49,49,0,0.000000
starbucks,800,888,88,0.110000
starbucks,28,28,0,0.000000
starbucks,16,16,0,0.000000
starbucks,3073,3175,102,0.033192
starbucks,1778,1778,0,0.000000
starbucks,3344,3440,96,0.028708
starbucks,79,80,1,0.012658
starbucks,18,18,0,0.000000
starbucks,3,3,0,0.000000
starbucks,42,42,0,0.000000
starbucks,7600,7733,133,0.017500
starbucks,527,531,4,0.007590
starbucks,93,100,7,0.075269
starbucks,156,156,0,0.000000
starbucks,34,34,0,0.000000
starbucks,1,1,0,0.000000
starbucks,653,653,0,0.000000
starbucks,3420,3458,38,0.011111
starbucks,5,5,0,0.000000
starbucks,5115,5291,176,0.034409
starbucks,5811,5976,165,0.028394
starbucks,5177,5331,154,0.029747
starbucks,1224,1289,65,0.053105
starbucks,2487,2620,133,0.053478
starbucks,3357,3428,71,0.021150
starbucks,684,690,6,0.008772
starbucks,671,674,3,0.004471
starbucks,8,8,0,0.000000
starbucks,736,741,5,0.006793
starbucks,4038,4062,24,0.005944
starbucks,405,440,35,0.086420
starbucks,2215,2218,3,0.001354
starbucks,2572,2799,227,0.088258
starbucks,105,111,6,0.057143
starbucks,466,466,0,0.000000
starbucks,1,1,0,0.000000
starbucks,8,8,0,0.000000
starbucks,13,13,0,0.000000
starbucks,314,355,41,0.130573
starbucks,91,91,0,0.000000
starbucks,863,878,15,0.017381
starbucks,3977,4108,131,0.032939
starbucks,4317,4499,182,0.042159
starbucks,2239,2337,98,0.043770
starbucks,2473,2587,114,0.046098
starbucks,171,174,3,0.017544
starbucks,200,201,1,0.005000
starbucks,3649,3817,168,0.046040
starbucks,5,5,0,0.000000
starbucks,289,290,1,0.003460
starbucks,14,15,1,0.071429
starbucks,2720,2794,74,0.027206
starbucks,4236,4370,134,0.031634
starbucks,2667,2759,92,0.034496
starbucks,2362,2429,67,0.028366
starbucks,1494,1552,58,0.038822
starbucks,2992,3141,149,0.049799
starbucks,3220,3267,47,0.014596
starbucks,3699,3848,149,0.040281
starbucks,5085,5185,100,0.019666
starbucks,2794,2891,97,0.034717
starbucks,3062,3200,138,0.045069
starbucks,1690,1770,80,0.047337
starbucks,4246,4403,157,0.036976
starbucks,3565,3678,113,0.031697
starbucks,323,421,98,0.303406
starbucks,3721,3811,90,0.024187
starbucks,6624,6769,145,0.021890
starbucks,4251,4350,99,0.023289
starbucks,2196,2277,81,0.036885
starbucks,1721,1765,44,0.025567
starbucks,561,605,44,0.078431
starbucks,1995,2073,78,0.039098
starbucks,7330,7515,185,0.025239
starbucks,2410,2461,51,0.021162
starbucks,1877,1945,68,0.036228
starbucks,2884,2934,50,0.017337
starbucks,2807,2896,89,0.031706
starbucks,4537,4635,98,0.021600
starbucks,5150,5221,71,0.013786
starbucks,2866,2940,74,0.025820
starbucks,2189,2262,73,0.033349
starbucks,2683,2754,71,0.026463
starbucks,2124,2176,52,0.024482
starbucks,307,312,5,0.016287
starbucks,128,134,6,0.046875
starbucks,441,441,0,0.000000
starbucks,3,4,1,0.333333
starbucks,154,161,7,0.045455
starbucks,1,1,0,0.000000
starbucks,8,8,0,0.000000
starbucks,28,28,0,0.000000
starbucks,14,14,0,0.000000
starbucks,3,3,0,0.000000
starbucks,20,21,1,0.050000
starbucks,9,11,2,0.222222
starbucks,2612,2658,46,0.017611
starbucks,561,576,15,0.026738
starbucks,4172,4353,181,0.043384
starbucks,3346,3465,119,0.035565
starbucks,7545,7712,167,0.022134
starbucks,5666,5765,99,0.017473
starbucks,3885,3963,78,0.020077
starbucks,4616,4685,69,0.014948
starbucks,2863,2943,80,0.027943
starbucks,1962,2115,153,0.077982
starbucks,3635,3692,57,0.015681
starbucks,3347,3466,119,0.035554
starbucks,983,1068,85,0.086470
starbucks,5156,5209,53,0.010279
starbucks,3187,3246,59,0.018513
starbucks,225,230,5,0.022222
starbucks,135,153,18,0.133333
starbucks,384,391,7,0.018229
starbucks,203,205,2,0.009852
starbucks,1320,1402,82,0.062121
starbucks,3973,4009,36,0.009061
starbucks,656,838,182,0.277439
starbucks,2290,2445,155,0.067686
starbucks,48,48,0,0.000000
starbucks,87,90,3,0.034483
starbucks,309,377,68,0.220065
starbucks,1734,1869,135,0.077855
starbucks,349,351,2,0.005731
starbucks,260,260,0,0.000000
starbucks,208,209,1,0.004808
starbucks,1757,1786,29,0.016505
starbucks,782,961,179,0.228900
starbucks,2420,2570,150,0.061983
starbucks,2168,2125,-43,-0.019834
starbucks,81,97,16,0.197531
starbucks,1523,1531,8,0.005253
starbucks,1849,1946,97,0.052461
starbucks,174,174,0,0.000000
starbucks,4,4,0,0.000000
starbucks,24074,24809,735,0.030531
starbucks,6629,6829,200,0.030170
starbucks,9310,9572,262,0.028142
starbucks,7083,7220,137,0.019342
starbucks,7968,8216,248,0.031124
starbucks,24583,25005,422,0.017166
starbucks,7934,8349,415,0.052307
starbucks,9023,9204,181,0.020060
starbucks,5241,5559,318,0.060675
starbucks,14261,14491,230,0.016128
starbucks,4276,4471,195,0.045603
starbucks,7052,7240,188,0.026659
starbucks,7474,7689,215,0.028766
starbucks,8632,8828,196,0.022706
starbucks,7230,7479,249,0.034440
starbucks,6347,6577,230,0.036238
starbucks,6130,6241,111,0.018108
starbucks,8642,8956,314,0.036334
starbucks,6857,7034,177,0.025813
starbucks,9152,9422,270,0.029502
starbucks,5526,5714,188,0.034021
starbucks,4897,4964,67,0.013682
starbucks,7309,7436,127,0.017376
starbucks,9537,9833,296,0.031037
starbucks,12344,12651,307,0.024870
starbucks,2039,2054,15,0.007357
starbucks,7184,7334,150,0.020880
starbucks,1108,1118,10,0.009025
starbucks,2136,2181,45,0.021067
starbucks,1870,1898,28,0.014973
starbucks,3586,3654,68,0.018963
starbucks,7,7,0,0.000000
starbucks,8394,8818,424,0.050512
starbucks,8287,8589,302,0.036443
starbucks,3375,3453,78,0.023111
starbucks,4408,4521,113,0.025635
starbucks,5462,5536,74,0.013548
starbucks,62,63,1,0.016129
starbucks,5738,5885,147,0.025619
starbucks,1,1,0,0.000000
starbucks,9,11,2,0.222222
starbucks,213,221,8,0.037559
starbucks,21,22,1,0.047619
starbucks,226,228,2,0.008850
starbucks,661,663,2,0.003026
starbucks,48,49,1,0.020833
starbucks,18,18,0,0.000000
starbucks,160,162,2,0.012500
starbucks,4,5,1,0.250000
starbucks,219,224,5,0.022831
starbucks,4226,4315,89,0.021060
starbucks,6220,6429,209,0.033601
starbucks,9246,9509,263,0.028445
starbucks,11839,12052,213,0.017991
starbucks,1944,1970,26,0.013374
starbucks,1526,1531,5,0.003277
starbucks,17,17,0,0.000000
starbucks,5,5,0,0.000000
starbucks,3,3,0,0.000000
starbucks,11,12,1,0.090909
starbucks,6,6,0,0.000000
starbucks,2,2,0,0.000000
starbucks,8,8,0,0.000000
starbucks,26166,26662,496,0.018956
starbucks,13689,13990,301,0.021988
starbucks,10110,10431,321,0.031751
starbucks,7695,7914,219,0.028460
starbucks,2437,2588,151,0.061961
starbucks,4077,4335,258,0.063282
starbucks,5101,5278,177,0.034699
starbucks,1197,1215,18,0.015038
starbucks,7913,8231,318,0.040187
starbucks,1738,1805,67,0.038550
starbucks,12594,12861,267,0.021201
starbucks,2063,2083,20,0.009695
starbucks,743,751,8,0.010767
starbucks,1313,1339,26,0.019802
starbucks,1951,1977,26,0.013326
starbucks,873,908,35,0.040092
starbucks,1135,1161,26,0.022907
starbucks,1739,1758,19,0.010926
starbucks,718,733,15,0.020891
starbucks,8263,8716,453,0.054823
starbucks,1628,1629,1,0.000614
starbucks,1340,1359,19,0.014179
starbucks,614,735,121,0.197068
starbucks,37,46,9,0.243243
starbucks,745,778,33,0.044295
starbucks,111,114,3,0.027027
starbucks,46,46,0,0.000000
starbucks,839,866,27,0.032181
starbucks,2567,2704,137,0.053370
starbucks,953,953,0,0.000000
starbucks,2,4,2,1.000000
starbucks,907,979,72,0.079383
starbucks,370,379,9,0.024324
starbucks,157,158,1,0.006369
starbucks,26,42,16,0.615385
starbucks,50,50,0,0.000000
starbucks,116,116,0,0.000000
starbucks,95,151,56,0.589474
starbucks,3415,3559,144,0.042167
starbucks,5967,6201,234,0.039216
starbucks,12632,12847,215,0.017020
starbucks,9113,9240,127,0.013936
starbucks,6781,7053,272,0.040112
starbucks,3433,3949,516,0.150306
starbucks,12223,12688,465,0.038043
starbucks,17264,17890,626,0.036260
starbucks,10282,10113,-169,-0.016436
starbucks,10294,10837,543,0.052749
starbucks,7281,7650,369,0.050680
starbucks,21492,21854,362,0.016843
starbucks,6543,6878,335,0.051200
starbucks,12267,12774,507,0.041330
starbucks,16235,16700,465,0.028642
starbucks,22377,22839,462,0.020646
starbucks,14087,14695,608,0.043160
starbucks,9231,9547,316,0.034232
starbucks,10437,10717,280,0.026828
starbucks,4509,4769,260,0.057662
starbucks,7645,7969,324,0.042381
starbucks,12160,12470,310,0.025493
starbucks,5225,5313,88,0.016842
starbucks,11863,12232,369,0.031105
starbucks,10727,11111,384,0.035798
starbucks,11187,11466,279,0.024940
starbucks,12481,12847,366,0.029325
starbucks,11695,12092,397,0.033946
starbucks,14547,14853,306,0.021035
starbucks,7208,7558,350,0.048557
starbucks,6861,7071,210,0.030608
starbucks,1321,1661,340,0.257381
starbucks,6842,7086,244,0.035662
starbucks,7343,7368,25,0.003405
starbucks,5702,5836,134,0.023501
starbucks,2,2,0,0.000000
starbucks,830,844,14,0.016867
starbucks,1688,1692,4,0.002370
starbucks,71,74,3,0.042254
starbucks,8,12,4,0.500000
starbucks,72,72,0,0.000000
starbucks,135,135,0,0.000000
starbucks,7,7,0,0.000000
starbucks,307,309,2,0.006515
starbucks,7,8,1,0.142857
starbucks,4,4,0,0.000000
starbucks,3250,3325,75,0.023077
starbucks,259,260,1,0.003861
starbucks,1501,1491,-10,-0.006662
starbucks,254,254,0,0.000000
starbucks,143,213,70,0.489510
starbucks,142,142,0,0.000000
starbucks,68,68,0,0.000000
starbucks,506,629,123,0.243083
starbucks,4,14,10,2.500000
starbucks,375,383,8,0.021333
starbucks,1,1,0,0.000000
starbucks,4869,4967,98,0.020127
starbucks,262,330,68,0.259542
starbucks,664,664,0,0.000000
starbucks,11252,11467,215,0.019108
starbucks,10745,10961,216,0.020102
starbucks,9560,9784,224,0.023431
starbucks,388,388,0,0.000000
starbucks,1125,1092,-33,-0.029333
starbucks,202,320,118,0.584158
starbucks,5,5,0,0.000000
starbucks,30,26,-4,-0.133333
starbucks,126,126,0,0.000000
starbucks,6,6,0,0.000000
starbucks,105,106,1,0.009524
starbucks,58,58,0,0.000000
starbucks,2,2,0,0.000000
starbucks,1,1,0,0.000000
starbucks,763,875,112,0.146789
starbucks,2117,2192,75,0.035427
starbucks,2724,2808,84,0.030837
starbucks,1,1,0,0.000000
starbucks,648,651,3,0.004630
starbucks,11,21,10,0.909091
starbucks,7,7,0,0.000000
starbucks,1,1,0,0.000000
starbucks,15636,15964,328,0.020977
starbucks,8121,8375,254,0.031277
starbucks,7625,7863,238,0.031213
starbucks,5105,5253,148,0.028991
starbucks,7139,7312,173,0.024233
starbucks,3895,4015,120,0.030809
starbucks,6488,6638,150,0.023120
starbucks,5896,5970,74,0.012551
starbucks,1406,1456,50,0.035562
starbucks,960,964,4,0.004167
starbucks,2567,2624,57,0.022205
starbucks,4227,4330,103,0.024367
starbucks,82,171,89,1.085366
starbucks,613,615,2,0.003263
starbucks,20,22,2,0.100000
starbucks,528,551,23,0.043561
starbucks,75,75,0,0.000000
starbucks,14,16,2,0.142857
starbucks,17,17,0,0.000000
starbucks,8,8,0,0.000000
starbucks,1,1,0,0.000000
starbucks,61,61,0,0.000000
starbucks,5,13,8,1.600000
starbucks,4271,4373,102,0.023882
starbucks,2328,2353,25,0.010739
starbucks,4,6,2,0.500000
starbucks,5,5,0,0.000000
starbucks,1,1,0,0.000000
starbucks,197,223,26,0.131980
starbucks,14709,15297,588,0.039976
starbucks,7584,7827,243,0.032041
starbucks,7715,7801,86,0.011147
starbucks,9600,9729,129,0.013437
starbucks,5461,5583,122,0.022340
starbucks,10998,11208,210,0.019094
starbucks,3673,3935,262,0.071331
starbucks,8826,8952,126,0.014276
starbucks,5409,5594,185,0.034202
starbucks,11488,11607,119,0.010359
starbucks,611,917,306,0.500818
starbucks,11344,11486,142,0.012518
starbucks,6948,7137,189,0.027202
starbucks,979,1114,135,0.137896
starbucks,6608,6665,57,0.008626
starbucks,103,107,4,0.038835
starbucks,5,6,1,0.200000
starbucks,51,51,0,0.000000
starbucks,2444,2681,237,0.096972
starbucks,48,48,0,0.000000
starbucks,3702,3708,6,0.001621
starbucks,652,654,2,0.003067
starbucks,1516,1518,2,0.001319
starbucks,574,582,8,0.013937
starbucks,1248,1366,118,0.094551
starbucks,835,836,1,0.001198
starbucks,14,23,9,0.642857
starbucks,12,12,0,0.000000
starbucks,689,690,1,0.001451
starbucks,263,361,98,0.372624
starbucks,1281,1342,61,0.047619
starbucks,2,13,11,5.500000
starbucks,6588,6731,143,0.021706
starbucks,3996,4059,63,0.015766
starbucks,164,164,0,0.000000
starbucks,530,619,89,0.167925
starbucks,31,31,0,0.000000
starbucks,194,197,3,0.015464
starbucks,262,280,18,0.068702
starbucks,57,57,0,0.000000
starbucks,12,13,1,0.083333
starbucks,42,44,2,0.047619
starbucks,7077,7269,192,0.027130
starbucks,7,7,0,0.000000
starbucks,6293,6514,221,0.035118
starbucks,8237,8474,237,0.028773
starbucks,15249,15657,408,0.026756
starbucks,2424,2636,212,0.087459
starbucks,10916,11234,318,0.029132
starbucks,5693,5826,133,0.023362
starbucks,9843,9988,145,0.014731
starbucks,5727,5867,140,0.024446
starbucks,2963,2980,17,0.005737
starbucks,775,788,13,0.016774
starbucks,7087,7182,95,0.013405
starbucks,552,559,7,0.012681
starbucks,2812,2953,141,0.050142
starbucks,8412,8637,225,0.026748
starbucks,119,152,33,0.277311
starbucks,11,11,0,0.000000
starbucks,8,8,0,0.000000
starbucks,1,1,0,0.000000
starbucks,131,133,2,0.015267
starbucks,7,9,2,0.285714
starbucks,61,61,0,0.000000
starbucks,42,48,6,0.142857
starbucks,72,77,5,0.069444
starbucks,97,97,0,0.000000
starbucks,14,14,0,0.000000
starbucks,1,1,0,0.000000
starbucks,4,4,0,0.000000
starbucks,4,4,0,0.000000
starbucks,19,19,0,0.000000
starbucks,12051,12327,276,0.022903
starbucks,46,60,14,0.304348
starbucks,6591,7076,485,0.073585
starbucks,7293,7461,168,0.023036
starbucks,8077,8282,205,0.025381
starbucks,7222,7475,253,0.035032
starbucks,4614,4848,234,0.050715
starbucks,11276,11509,233,0.020663
starbucks,10365,10901,536,0.051712
starbucks,6036,6208,172,0.028496
starbucks,6641,6894,253,0.038097
starbucks,7092,7331,239,0.033700
starbucks,8896,9204,308,0.034622
starbucks,9079,9294,215,0.023681
starbucks,5976,6169,193,0.032296
starbucks,8314,8884,570,0.068559
starbucks,3916,3943,27,0.006895
starbucks,7229,7560,331,0.045788
starbucks,1815,2077,262,0.144353
starbucks,9305,9648,343,0.036862
starbucks,9915,10175,260,0.026223
starbucks,2190,2402,212,0.096804
starbucks,6483,6681,198,0.030541
starbucks,6882,7065,183,0.026591
starbucks,4361,4489,128,0.029351
starbucks,7925,8103,178,0.022461
starbucks,7861,8065,204,0.025951
starbucks,11483,11913,430,0.037447
starbucks,7187,7384,197,0.027411
starbucks,9333,9578,245,0.026251
starbucks,8181,8342,161,0.019680
starbucks,12098,12431,333,0.027525
starbucks,2105,2143,38,0.018052
starbucks,151,151,0,0.000000
starbucks,26,28,2,0.076923
starbucks,6,6,0,0.000000
starbucks,2858,2994,136,0.047586
starbucks,121,144,23,0.190083
starbucks,1,1,0,0.000000
starbucks,1212,1251,39,0.032178
starbucks,26,26,0,0.000000
starbucks,23,29,6,0.260870
starbucks,218,222,4,0.018349
starbucks,812,882,70,0.086207
starbucks,563,570,7,0.012433
starbucks,31,47,16,0.516129
starbucks,10974,11446,472,0.043011
starbucks,4712,5021,309,0.065577
starbucks,9075,9317,242,0.026667
starbucks,9663,9924,261,0.027010
starbucks,10645,11079,434,0.040770
starbucks,10998,11343,345,0.031369
starbucks,8604,8843,239,0.027778
starbucks,9491,9866,375,0.039511
starbucks,5148,5246,98,0.019037
starbucks,13028,13212,184,0.014123
starbucks,1170,1180,10,0.008547
starbucks,1012,1013,1,0.000988
starbucks,2,2,0,0.000000
starbucks,719,723,4,0.005563
starbucks,1666,1686,20,0.012005
starbucks,1316,1332,16,0.012158
starbucks,573,577,4,0.006981
starbucks,455,459,4,0.008791
starbucks,1338,1357,19,0.014200
starbucks,14,14,0,0.000000
starbucks,3504,3433,-71,-0.020263
starbucks,310,331,21,0.067742
starbucks,251,326,75,0.298805
starbucks,128,128,0,0.000000
starbucks,12,13,1,0.083333
starbucks,149,151,2,0.013423
starbucks,1364,1370,6,0.004399
starbucks,10393,10529,136,0.013086
starbucks,8686,8792,106,0.012204
starbucks,6473,6637,164,0.025336
starbucks,10949,11140,191,0.017445
starbucks,2043,2134,91,0.044542
starbucks,10024,10034,10,0.000998
starbucks,9881,10025,144,0.014573
starbucks,2942,2953,11,0.003739
starbucks,307,307,0,0.000000
starbucks,1303,1337,34,0.026094
starbucks,1132,1132,0,0.000000
starbucks,1024,1027,3,0.002930
starbucks,1009,1005,-4,-0.003964
starbucks,1880,1886,6,0.003191
starbucks,1487,1497,10,0.006725
starbucks,2,9,7,3.500000
starbucks,216,218,2,0.009259
starbucks,861,871,10,0.011614
starbucks,5,56,51,10.200000
starbucks,11,238,227,20.636364
starbucks,116,120,4,0.034483
starbucks,344,346,2,0.005814
starbucks,46,57,11,0.239130
starbucks,18,21,3,0.166667
starbucks,7,7,0,0.000000
starbucks,11,11,0,0.000000
starbucks,1,1,0,0.000000
starbucks,5174,5400,226,0.043680
starbucks,2675,2862,187,0.069907
starbucks,8278,8571,293,0.035395
starbucks,6499,6608,109,0.016772
starbucks,5312,5529,217,0.040851
starbucks,6139,6282,143,0.023294
starbucks,7028,7257,229,0.032584
starbucks,4687,4816,129,0.027523
starbucks,7106,7212,106,0.014917
starbucks,6347,6526,179,0.028202
starbucks,7831,8006,175,0.022347
starbucks,7723,7951,228,0.029522
starbucks,6768,6927,159,0.023493
starbucks,7535,7672,137,0.018182
starbucks,12585,12821,236,0.018752
starbucks,501,520,19,0.037924
starbucks,2775,2872,97,0.034955
starbucks,791,826,35,0.044248
starbucks,8410,8561,151,0.017955
starbucks,702,1137,435,0.619658
starbucks,229,236,7,0.030568
starbucks,859,858,-1,-0.001164
starbucks,227,228,1,0.004405
starbucks,2268,2502,234,0.103175
starbucks,12,12,0,0.000000
starbucks,274,277,3,0.010949
starbucks,5,5,0,0.000000
starbucks,120,126,6,0.050000
starbucks,1389,1450,61,0.043916
starbucks,92,98,6,0.065217
starbucks,4170,4230,60,0.014388
starbucks,3278,3367,89,0.027151
starbucks,2520,2602,82,0.032540
starbucks,3321,3378,57,0.017164
starbucks,102,112,10,0.098039
starbucks,287,293,6,0.020906
starbucks,1723,1730,7,0.004063
starbucks,919,919,0,0.000000
starbucks,2114,2119,5,0.002365
starbucks,5542,5609,67,0.012089
starbucks,400,400,0,0.000000
starbucks,18,19,1,0.055556
starbucks,1087,1094,7,0.006440
starbucks,2518,2590,72,0.028594
starbucks,748,806,58,0.077540
starbucks,2015,2026,11,0.005459
starbucks,2791,2831,40,0.014332
starbucks,1293,1328,35,0.027069
starbucks,2126,2174,48,0.022578
starbucks,24,28,4,0.166667
starbucks,1033,1060,27,0.026137
starbucks,20,20,0,0.000000
starbucks,14427,14958,531,0.036806
starbucks,4988,5308,320,0.064154
starbucks,2544,2847,303,0.119104
starbucks,10499,10824,325,0.030955
starbucks,11244,11441,197,0.017520
starbucks,13297,13526,229,0.017222
starbucks,12908,13145,237,0.018361
starbucks,9786,10040,254,0.025955
starbucks,1772,1885,113,0.063770
starbucks,10544,10689,145,0.013752
starbucks,9244,9460,216,0.023367
starbucks,1098,1267,169,0.153916
starbucks,937,1020,83,0.088581
starbucks,972,1013,41,0.042181
starbucks,2997,3217,220,0.073407
starbucks,8067,8164,97,0.012024
starbucks,1062,1108,46,0.043315
starbucks,7527,7704,177,0.023515
starbucks,732,746,14,0.019126
starbucks,3987,4115,128,0.032104
starbucks,4305,4363,58,0.013473
starbucks,209,215,6,0.028708
starbucks,3036,3177,141,0.046443
starbucks,545,906,361,0.662385
starbucks,146,157,11,0.075342
starbucks,5470,5635,165,0.030165
starbucks,3486,3571,85,0.024383
starbucks,109,124,15,0.137615
starbucks,2627,2705,78,0.029692
starbucks,162,164,2,0.012346
starbucks,3723,3828,105,0.028203
starbucks,6638,6821,183,0.027569
starbucks,7914,8163,249,0.031463
starbucks,7195,7361,166,0.023072
starbucks,3950,4064,114,0.028861
starbucks,9224,9446,222,0.024068
starbucks,4008,4156,148,0.036926
starbucks,84,86,2,0.023810
starbucks,454,459,5,0.011013
starbucks,289,299,10,0.034602
starbucks,8,8,0,0.000000
starbucks,4546,4573,27,0.005939
starbucks,11,11,0,0.000000
starbucks,7,7,0,0.000000
starbucks,888,899,11,0.012387
starbucks,129,129,0,0.000000
starbucks,11069,11548,479,0.043274
starbucks,1754,1757,3,0.001710
starbucks,817,963,146,0.178703
starbucks,6692,6873,181,0.027047
starbucks,14455,14601,146,0.010100
starbucks,4684,4865,181,0.038642
starbucks,6691,6859,168,0.025108
starbucks,8399,8547,148,0.017621
starbucks,5267,5572,305,0.057908
starbucks,7325,7431,106,0.014471
starbucks,6507,6715,208,0.031966
starbucks,3444,3615,171,0.049652
starbucks,3718,3857,139,0.037386
starbucks,7328,7656,328,0.044760
starbucks,8219,8431,212,0.025794
starbucks,2509,2520,11,0.004384
starbucks,13674,13985,311,0.022744
starbucks,7527,7769,242,0.032151
starbucks,9465,9670,205,0.021659
starbucks,2201,2392,191,0.086779
starbucks,13044,13319,275,0.021082
starbucks,101,112,11,0.108911
starbucks,8303,8472,169,0.020354
starbucks,582,584,2,0.003436
starbucks,249,250,1,0.004016
starbucks,508,702,194,0.381890
starbucks,4075,4125,50,0.012270
starbucks,11224,11483,259,0.023076
starbucks,176,184,8,0.045455
starbucks,192,195,3,0.015625
starbucks,4,4,0,0.000000
starbucks,680,683,3,0.004412
starbucks,3319,3454,135,0.040675
starbucks,178,178,0,0.000000
starbucks,1355,1439,84,0.061993
starbucks,3923,4055,132,0.033648
starbucks,2909,2943,34,0.011688
starbucks,4070,4161,91,0.022359
starbucks,3351,3393,42,0.012534
starbucks,2721,2773,52,0.019111
starbucks,2103,2174,71,0.033761
starbucks,48,66,18,0.375000
starbucks,958,970,12,0.012526
starbucks,161,352,191,1.186335
starbucks,431,450,19,0.044084
starbucks,1600,1647,47,0.029375
starbucks,5,5,0,0.000000
starbucks,5258,5453,195,0.037086
starbucks,8,8,0,0.000000
starbucks,160,160,0,0.000000
starbucks,2846,2921,75,0.026353
starbucks,465,471,6,0.012903
starbucks,114,252,138,1.210526
starbucks,3101,3197,96,0.030958
starbucks,836,836,0,0.000000
starbucks,2768,2899,131,0.047327
starbucks,153,153,0,0.000000
starbucks,1590,1657,67,0.042138
starbucks,761,798,37,0.048620
starbucks,244,270,26,0.106557
starbucks,10,10,0,0.000000
starbucks,16,20,4,0.250000
starbucks,87,87,0,0.000000
starbucks,1607,1645,38,0.023647
starbucks,1614,1685,71,0.043990
starbucks,18,26,8,0.444444
starbucks,14,35,21,1.500000
starbucks,5504,5624,120,0.021802
starbucks,8762,9173,411,0.046907
starbucks,5744,5863,119,0.020717
starbucks,8178,8616,438,0.053558
starbucks,5418,5518,100,0.018457
starbucks,9175,9296,121,0.013188
starbucks,6070,6191,121,0.019934
starbucks,2626,2789,163,0.062072
starbucks,12443,12723,280,0.022503
starbucks,692,711,19,0.027457
starbucks,9026,9252,226,0.025039
starbucks,8781,8935,154,0.017538
starbucks,9220,9522,302,0.032755
starbucks,7300,7544,244,0.033425
starbucks,210,244,34,0.161905
starbucks,15108,15281,173,0.011451
starbucks,2853,2997,144,0.050473
starbucks,10708,10912,204,0.019051
starbucks,5069,5192,123,0.024265
starbucks,10708,10967,259,0.024188
starbucks,11245,11548,303,0.026945
starbucks,10997,11297,300,0.027280
starbucks,9540,9760,220,0.023061
starbucks,3066,3114,48,0.015656
starbucks,7575,7786,211,0.027855
starbucks,7615,7832,217,0.028496
starbucks,7247,7453,206,0.028426
starbucks,6468,6585,117,0.018089
starbucks,7453,7726,273,0.036630
starbucks,4614,4915,301,0.065236
starbucks,4287,4456,169,0.039422
starbucks,3580,3725,145,0.040503
starbucks,669,672,3,0.004484
starbucks,4,4,0,0.000000
starbucks,5,5,0,0.000000
starbucks,165,169,4,0.024242
starbucks,621,624,3,0.004831
starbucks,76,184,108,1.421053
starbucks,1014,1020,6,0.005917
starbucks,7,8,1,0.142857
starbucks,4,4,0,0.000000
starbucks,145,148,3,0.020690
starbucks,6,5,-1,-0.166667
starbucks,56,56,0,0.000000
starbucks,31,76,45,1.451613
starbucks,1068,1075,7,0.006554
starbucks,14,14,0,0.000000
starbucks,11147,11293,146,0.013098
starbucks,798,798,0,0.000000
starbucks,440,440,0,0.000000
starbucks,276,276,0,0.000000
starbucks,3,4,1,0.333333
starbucks,1158,1275,117,0.101036
starbucks,4048,4149,101,0.024951
starbucks,3189,3285,96,0.030103
starbucks,3948,4015,67,0.016971
starbucks,3867,3921,54,0.013964
starbucks,3020,3140,120,0.039735
starbucks,4903,5069,166,0.033857
starbucks,3903,4011,108,0.027671
starbucks,3590,3651,61,0.016992
starbucks,278,282,4,0.014388
starbucks,1660,1676,16,0.009639
starbucks,1699,1707,8,0.004709
starbucks,686,689,3,0.004373
starbucks,7225,7604,379,0.052457
starbucks,2661,2746,85,0.031943
starbucks,7855,8142,287,0.036537
starbucks,4285,4382,97,0.022637
starbucks,140,253,113,0.807143
starbucks,2855,2945,90,0.031524
starbucks,575,582,7,0.012174
starbucks,6648,6788,140,0.021059
starbucks,1409,1544,135,0.095813
starbucks,752,889,137,0.182181
starbucks,3156,3270,114,0.036122
starbucks,1322,1440,118,0.089259
starbucks,759,767,8,0.010540
starbucks,4165,4240,75,0.018007
starbucks,229,231,2,0.008734
starbucks,2065,2197,132,0.063923
starbucks,4946,5180,234,0.047311
starbucks,1870,1921,51,0.027273
starbucks,191,191,0,0.000000
starbucks,1,6,5,5.000000
starbucks,95,95,0,0.000000
starbucks,1168,1202,34,0.029110
starbucks,749,776,27,0.036048
starbucks,860,866,6,0.006977
starbucks,1,1,0,0.000000
starbucks,16,16,0,0.000000
starbucks,2284,2387,103,0.045096
starbucks,943,966,23,0.024390
starbucks,2287,2434,147,0.064276
starbucks,1582,1582,0,0.000000
starbucks,1,1,0,0.000000
starbucks,87,87,0,0.000000
starbucks,4974,5025,51,0.010253
starbucks,2145,2227,82,0.038228
starbucks,764,828,64,0.083770
starbucks,17,17,0,0.000000
starbucks,591,591,0,0.000000
starbucks,101,101,0,0.000000
starbucks,170,176,6,0.035294
starbucks,10,10,0,0.000000
starbucks,2,2,0,0.000000
starbucks,9,10,1,0.111111
starbucks,102,102,0,0.000000
starbucks,4384,4451,67,0.015283
starbucks,4590,4631,41,0.008932
starbucks,4587,4649,62,0.013516
starbucks,107,108,1,0.009346
starbucks,8054,8309,255,0.031661
starbucks,7257,7404,147,0.020256
starbucks,7395,7525,130,0.017579
starbucks,1311,1320,9,0.006865
starbucks,280,280,0,0.000000
starbucks,828,836,8,0.009662
starbucks,21,21,0,0.000000
starbucks,4,4,0,0.000000
starbucks,1455,1524,69,0.047423
starbucks,6,7,1,0.166667
starbucks,3672,3871,199,0.054194
starbucks,1207,1297,90,0.074565
starbucks,1619,1667,48,0.029648
starbucks,1682,1740,58,0.034483
starbucks,4638,4702,64,0.013799
starbucks,799,868,69,0.086358
starbucks,1099,1127,28,0.025478
starbucks,5433,5567,134,0.024664
starbucks,1089,1147,58,0.053260
starbucks,6,6,0,0.000000
starbucks,519,527,8,0.015414
starbucks,372,374,2,0.005376
starbucks,18,18,0,0.000000
starbucks,862,928,66,0.076566
starbucks,13,13,0,0.000000
starbucks,7654,8010,356,0.046512
starbucks,7139,7336,197,0.027595
starbucks,4737,4892,155,0.032721
starbucks,1715,1757,42,0.024490
starbucks,10166,10623,457,0.044954
starbucks,5100,5231,131,0.025686
starbucks,1812,1899,87,0.048013
starbucks,3627,3797,170,0.046871
starbucks,3861,3923,62,0.016058
starbucks,6498,6731,233,0.035857
starbucks,3419,3571,152,0.044457
starbucks,3977,4120,143,0.035957
starbucks,5522,5825,303,0.054871
starbucks,3889,4041,152,0.039085
starbucks,895,1030,135,0.150838
starbucks,3517,3770,253,0.071936
starbucks,5423,5565,142,0.026185
starbucks,3111,3241,130,0.041787
starbucks,906,980,74,0.081678
starbucks,4165,4261,96,0.023049
starbucks,4537,4611,74,0.016310
starbucks,1394,1610,216,0.154950
starbucks,4479,4582,103,0.022996
starbucks,6816,6968,152,0.022300
starbucks,11753,11954,201,0.017102
starbucks,3390,3478,88,0.025959
starbucks,2553,2657,104,0.040736
starbucks,3524,3648,124,0.035187
starbucks,4686,4787,101,0.021554
starbucks,3773,3903,130,0.034455
chipotle,348,352,4,0.011494
chipotle,24,25,1,0.041667
chipotle,1,1,0,0.000000
chipotle,170,194,24,0.141176
chipotle,7048,7205,157,0.022276
chipotle,1111,1129,18,0.016202
chipotle,1543,1688,145,0.093973
chipotle,8465,8541,76,0.008978
chipotle,338,393,55,0.162722
chipotle,4626,4670,44,0.009511
chipotle,297,396,99,0.333333
chipotle,1506,1526,20,0.013280
chipotle,297,302,5,0.016835
chipotle,1,1,0,0.000000
chipotle,5686,5865,179,0.031481
chipotle,2930,3007,77,0.026280
chipotle,2919,2967,48,0.016444
chipotle,12296,12750,454,0.036923
chipotle,1137,1232,95,0.083553
chipotle,2912,2918,6,0.002060
chipotle,4370,4434,64,0.014645
chipotle,2209,2314,105,0.047533
chipotle,5511,5650,139,0.025222
chipotle,6016,6174,158,0.026263
chipotle,3685,3784,99,0.026866
chipotle,1709,1765,56,0.032768
chipotle,613,674,61,0.099511
chipotle,804,835,31,0.038557
chipotle,5350,5416,66,0.012336
chipotle,5668,5772,104,0.018349
chipotle,1516,1637,121,0.079815
chipotle,1239,1264,25,0.020178
chipotle,5910,6009,99,0.016751
chipotle,875,895,20,0.022857
chipotle,2903,2946,43,0.014812
chipotle,4867,4977,110,0.022601
chipotle,1936,1996,60,0.030992
chipotle,255,280,25,0.098039
chipotle,1401,1431,30,0.021413
chipotle,97,177,80,0.824742
chipotle,231,269,38,0.164502
chipotle,311,323,12,0.038585
chipotle,362,394,32,0.088398
chipotle,3061,3093,32,0.010454
chipotle,2071,2136,65,0.031386
chipotle,4149,4213,64,0.015425
chipotle,3160,3247,87,0.027532
chipotle,6701,6955,254,0.037905
chipotle,1126,1211,85,0.075488
chipotle,7190,7330,140,0.019471
chipotle,4963,5074,111,0.022366
chipotle,2604,2665,61,0.023425
chipotle,3692,3837,145,0.039274
chipotle,3012,3098,86,0.028552
chipotle,6273,6417,144,0.022956
chipotle,5808,5903,95,0.016357
chipotle,2695,2777,82,0.030427
chipotle,6016,6126,110,0.018285
chipotle,3114,3215,101,0.032434
chipotle,4822,4918,96,0.019909
chipotle,6434,6694,260,0.040410
chipotle,5927,6100,173,0.029188
chipotle,2658,2741,83,0.031226
chipotle,7139,7290,151,0.021151
chipotle,336,411,75,0.223214
chipotle,3890,3966,76,0.019537
chipotle,5283,5337,54,0.010221
chipotle,5292,5445,153,0.028912
chipotle,5406,5526,120,0.022198
chipotle,6239,6354,115,0.018432
chipotle,3088,3158,70,0.022668
chipotle,3890,3967,77,0.019794
chipotle,5119,5240,121,0.023637
chipotle,8044,8161,117,0.014545
chipotle,1615,1655,40,0.024768
chipotle,6267,6407,140,0.022339
chipotle,3856,3953,97,0.025156
chipotle,65,88,23,0.353846
chipotle,3063,3138,75,0.024486
chipotle,1734,1741,7,0.004037
chipotle,9,10,1,0.111111
chipotle,4276,4407,131,0.030636
chipotle,4091,4135,44,0.010755
chipotle,721,792,71,0.098474
chipotle,1081,1163,82,0.075856
chipotle,1354,1381,27,0.019941
chipotle,13,14,1,0.076923
chipotle,5606,5691,85,0.015162
chipotle,3,3,0,0.000000
chipotle,4838,4927,89,0.018396
chipotle,1197,1224,27,0.022556
chipotle,1085,1140,55,0.050691
chipotle,89,143,54,0.606742
chipotle,1,1,0,0.000000
chipotle,39,88,49,1.256410
chipotle,15,16,1,0.066667
chipotle,3781,3873,92,0.024332
chipotle,1233,1239,6,0.004866
chipotle,9196,9374,178,0.019356
chipotle,7517,7679,162,0.021551
chipotle,3940,3994,54,0.013706
chipotle,2986,3068,82,0.027461
chipotle,2461,2480,19,0.007720
chipotle,2886,2912,26,0.009009
chipotle,5332,5422,90,0.016879
chipotle,46,51,5,0.108696
chipotle,590,691,101,0.171186
chipotle,640,665,25,0.039062
chipotle,22,110,88,4.000000
chipotle,212,287,75,0.353774
chipotle,3,4,1,0.333333
chipotle,5062,5198,136,0.026867
chipotle,257,311,54,0.210117
chipotle,779,825,46,0.059050
chipotle,112,149,37,0.330357
chipotle,2495,2538,43,0.017234
chipotle,3177,3225,48,0.015109
chipotle,1251,1280,29,0.023181
chipotle,175,280,105,0.600000
chipotle,2855,2904,49,0.017163
chipotle,3671,3725,54,0.014710
chipotle,93,131,38,0.408602
chipotle,47,68,21,0.446809
chipotle,399,481,82,0.205514
chipotle,3434,3522,88,0.025626
chipotle,2651,2726,75,0.028291
chipotle,2529,2601,72,0.028470
chipotle,1082,1147,65,0.060074
chipotle,836,854,18,0.021531
chipotle,2748,2772,24,0.008734
chipotle,102,126,24,0.235294
chipotle,678,697,19,0.028024
chipotle,1,1,0,0.000000
chipotle,2951,3016,65,0.022026
chipotle,2362,2395,33,0.013971
chipotle,1613,1655,42,0.026038
chipotle,2099,2136,37,0.017627
chipotle,1446,1460,14,0.009682
chipotle,1491,1524,33,0.022133
chipotle,2361,2428,67,0.028378
chipotle,2287,2308,21,0.009182
chipotle,1231,1260,29,0.023558
chipotle,3988,4081,93,0.023320
chipotle,3781,3876,95,0.025126
chipotle,8349,8488,139,0.016649
chipotle,4950,4983,33,0.006667
chipotle,5064,5156,92,0.018167
chipotle,8036,8199,163,0.020284
chipotle,8250,8388,138,0.016727
chipotle,8274,8468,194,0.023447
chipotle,5250,5364,114,0.021714
chipotle,4121,4192,71,0.017229
chipotle,5642,5721,79,0.014002
chipotle,6644,6775,131,0.019717
chipotle,4521,4571,50,0.011060
chipotle,7487,7672,185,0.024709
chipotle,4254,4332,78,0.018336
chipotle,6610,6773,163,0.024660
chipotle,121,123,2,0.016529
chipotle,5,5,0,0.000000
chipotle,4,4,0,0.000000
chipotle,7095,7158,63,0.008879
chipotle,143,158,15,0.104895
chipotle,2046,2121,75,0.036657
chipotle,4058,4116,58,0.014293
chipotle,5392,5460,68,0.012611
chipotle,1412,1500,88,0.062323
chipotle,4387,4463,76,0.017324
chipotle,2999,3053,54,0.018006
chipotle,653,695,42,0.064319
chipotle,165,218,53,0.321212
chipotle,2185,2242,57,0.026087
chipotle,110,146,36,0.327273
chipotle,2,2,0,0.000000
chipotle,4429,4504,75,0.016934
chipotle,2772,2819,47,0.016955
chipotle,1506,1562,56,0.037185
chipotle,1671,1693,22,0.013166
chipotle,929,964,35,0.037675
chipotle,4813,4852,39,0.008103
chipotle,3573,3636,63,0.017632
chipotle,328,350,22,0.067073
chipotle,2318,2350,32,0.013805
chipotle,4882,5024,142,0.029086
chipotle,5309,5406,97,0.018271
chipotle,3512,3597,85,0.024203
chipotle,4095,4221,126,0.030769
chipotle,228,236,8,0.035088
chipotle,2530,2554,24,0.009486
chipotle,4769,4804,35,0.007339
chipotle,1,1,0,0.000000
chipotle,591,654,63,0.106599
chipotle,389,464,75,0.192802
chipotle,2268,2387,119,0.052469
chipotle,4,4,0,0.000000
chipotle,1755,1770,15,0.008547
chipotle,2552,2646,94,0.036834
chipotle,4812,4858,46,0.009559
chipotle,3814,3906,92,0.024122
chipotle,855,1013,158,0.184795
chipotle,9491,9827,336,0.035402
chipotle,11333,11601,268,0.023648
chipotle,6800,6934,134,0.019706
chipotle,8924,9147,223,0.024989
chipotle,2810,2942,132,0.046975
chipotle,5029,5147,118,0.023464
chipotle,8630,8792,162,0.018772
chipotle,7740,7890,150,0.019380
chipotle,4804,4935,131,0.027269
chipotle,6410,6583,173,0.026989
chipotle,4789,4872,83,0.017331
chipotle,8264,8369,105,0.012706
chipotle,4478,4560,82,0.018312
chipotle,5092,5307,215,0.042223
chipotle,3857,3938,81,0.021001
chipotle,7309,7445,136,0.018607
chipotle,7462,7635,173,0.023184
chipotle,1946,2058,112,0.057554
chipotle,3690,3771,81,0.021951
chipotle,5449,5501,52,0.009543
chipotle,5865,5987,122,0.020801
chipotle,3122,3190,68,0.021781
chipotle,2862,2997,135,0.047170
chipotle,10373,10569,196,0.018895
chipotle,10989,10955,-34,-0.003094
chipotle,4549,4582,33,0.007254
chipotle,1924,1995,71,0.036902
chipotle,1052,1063,11,0.010456
chipotle,5379,5483,104,0.019334
chipotle,3806,3859,53,0.013925
chipotle,930,964,34,0.036559
chipotle,2992,3068,76,0.025401
chipotle,4778,4826,48,0.010046
chipotle,266,328,62,0.233083
chipotle,14,14,0,0.000000
chipotle,265,369,104,0.392453
chipotle,2323,2347,24,0.010331
chipotle,3711,3777,66,0.017785
chipotle,2100,2148,48,0.022857
chipotle,2042,2141,99,0.048482
chipotle,4914,5044,130,0.026455
chipotle,3967,4099,132,0.033275
chipotle,6949,7087,138,0.019859
chipotle,463,536,73,0.157667
chipotle,3697,3793,96,0.025967
chipotle,3496,3554,58,0.016590
chipotle,5596,5679,83,0.014832
chipotle,4577,4662,85,0.018571
chipotle,3546,3566,20,0.005640
chipotle,4552,4627,75,0.016476
chipotle,3578,3632,54,0.015092
chipotle,69,102,33,0.478261
chipotle,7223,7258,35,0.004846
chipotle,944,1108,164,0.173729
chipotle,8,8,0,0.000000
chipotle,676,759,83,0.122781
chipotle,2,2,0,0.000000
chipotle,6,6,0,0.000000
chipotle,1030,1207,177,0.171845
chipotle,237,269,32,0.135021
chipotle,2656,2727,71,0.026732
chipotle,7386,7473,87,0.011779
chipotle,8400,8572,172,0.020476
chipotle,6807,6863,56,0.008227
chipotle,6333,6474,141,0.022264
chipotle,5785,5876,91,0.015730
chipotle,9243,9349,106,0.011468
chipotle,3579,3611,32,0.008941
chipotle,1084,1200,116,0.107011
chipotle,2646,2760,114,0.043084
chipotle,191,267,76,0.397906
chipotle,1947,2035,88,0.045198
chipotle,1619,1640,21,0.012971
chipotle,13,43,30,2.307692
chipotle,317,387,70,0.220820
chipotle,478,585,107,0.223849
chipotle,185,220,35,0.189189
chipotle,119,134,15,0.126050
chipotle,296,332,36,0.121622
chipotle,3,3,0,0.000000
chipotle,13,15,2,0.153846
chipotle,69,82,13,0.188406
chipotle,1133,1241,108,0.095322
chipotle,714,812,98,0.137255
chipotle,5086,5187,101,0.019858
chipotle,6009,6152,143,0.023798
chipotle,329,355,26,0.079027
chipotle,6217,6334,117,0.018819
chipotle,2078,2172,94,0.045236
chipotle,11103,11258,155,0.013960
chipotle,4091,4129,38,0.009289
chipotle,4996,5097,101,0.020216
chipotle,6,9,3,0.500000
chipotle,6188,6317,129,0.020847
chipotle,6054,6154,100,0.016518
chipotle,6211,6326,115,0.018516
chipotle,512,602,90,0.175781
chipotle,82,112,30,0.365854
chipotle,991,1076,85,0.085772
chipotle,18,18,0,0.000000
chipotle,631,710,79,0.125198
chipotle,10,10,0,0.000000
chipotle,11898,11986,88,0.007396
chipotle,4,4,0,0.000000
chipotle,21,29,8,0.380952
chipotle,5,8,3,0.600000
chipotle,7655,7799,144,0.018811
chipotle,3188,3242,54,0.016939
chipotle,4581,4660,79,0.017245
chipotle,4483,4536,53,0.011822
chipotle,2688,2730,42,0.015625
chipotle,612,669,57,0.093137
chipotle,5639,5734,95,0.016847
chipotle,151,214,63,0.417219
chipotle,536,602,66,0.123134
chipotle,929,981,52,0.055974
chipotle,8412,8498,86,0.010223
chipotle,5333,5444,111,0.020814
chipotle,3959,4054,95,0.023996
chipotle,3551,3618,67,0.018868
chipotle,2186,2235,49,0.022415
chipotle,412,466,54,0.131068
chipotle,395,475,80,0.202532
chipotle,5,5,0,0.000000
chipotle,9,9,0,0.000000
chipotle,330,362,32,0.096970
chipotle,2249,2282,33,0.014673
chipotle,193,227,34,0.176166
chipotle,23,57,34,1.478261
chipotle,435,473,38,0.087356
chipotle,7,19,12,1.714286
chipotle,3946,4006,60,0.015205
chipotle,3136,3194,58,0.018495
chipotle,3639,3733,94,0.025831
chipotle,6220,6333,113,0.018167
chipotle,3465,3602,137,0.039538
chipotle,5639,5695,56,0.009931
chipotle,12843,13080,237,0.018454
chipotle,6541,6675,134,0.020486
chipotle,6626,6802,176,0.026562
chipotle,2293,2365,72,0.031400
chipotle,7031,7221,190,0.027023
chipotle,410,507,97,0.236585
chipotle,4305,4415,110,0.025552
chipotle,6273,6428,155,0.024709
chipotle,3875,3913,38,0.009806
chipotle,7015,7185,170,0.024234
chipotle,5915,6010,95,0.016061
chipotle,4567,4689,122,0.026713
chipotle,5759,5849,90,0.015628
chipotle,6347,6429,82,0.012919
chipotle,6312,6390,78,0.012357
chipotle,7277,7484,207,0.028446
chipotle,4450,4530,80,0.017978
chipotle,2398,2436,38,0.015847
chipotle,3576,3628,52,0.014541
chipotle,6446,6531,85,0.013186
chipotle,5270,5390,120,0.022770
chipotle,5320,5454,134,0.025188
chipotle,3279,3336,57,0.017383
chipotle,5578,5671,93,0.016673
chipotle,2242,2321,79,0.035236
chipotle,1159,1214,55,0.047455
chipotle,2503,2561,58,0.023172
chipotle,451,542,91,0.201774
chipotle,1239,1310,71,0.057304
chipotle,7025,7331,306,0.043559
chipotle,1412,1532,120,0.084986
chipotle,212,235,23,0.108491
chipotle,59,79,20,0.338983
chipotle,23,23,0,0.000000
chipotle,23,40,17,0.739130
